1382412350.436831 364.436830 0.757986 1.278287
1382412350.936917 364.936917 0.757288 1.279488
1382412351.436850 365.436850 0.757081 1.278629
1382412351.936874 365.936874 0.758517 1.278670
1382412352.436952 366.436952 0.757291 1.279264
1382412352.936753 366.936753 0.756627 1.279325
1382412353.436740 367.436740 0.756872 1.278993
1382412353.936781 367.936781 0.757766 1.278718
1382412354.436728 368.436728 0.756795 1.280926
1382412354.936778 368.936777 0.756826 1.279157
1382412355.436740 369.436740 0.756726 1.278494
1382412355.936846 369.936846 0.757214 1.279832
1382412356.436872 370.436871 0.757235 1.280370
1382412356.936773 370.936773 0.757970 1.279942
1382412357.436945 371.436945 0.757546 1.279320
1382412357.936987 371.936987 0.757531 1.279116
1382412358.436874 372.436875 0.758241 1.279878
1382412358.936975 372.936976 0.757666 1.279228
1382412359.436959 373.436959 0.757965 1.280036
1382412359.941889 373.941889 0.758159 1.279060
1382412360.441969 374.441969 0.757398 1.278891
1382412360.937020 374.937020 0.757840 1.279116
1382412361.442189 375.442189 0.757761 1.278749
1382412361.957218 375.957218 0.756857 1.279004
1382412362.452286 376.452286 0.756859 1.279289
1382412362.937785 376.937785 0.756197 1.278343
1382412363.437501 377.437501 0.756591 1.277925
1382412363.936945 377.936945 0.756606 1.277655
1382412364.437017 378.437017 0.755045 1.278022
1382412364.937907 378.937907 0.755942 1.278970
1382412365.437986 379.437986 0.754923 1.278937
1382412365.937128 379.937128 0.755247 1.278807
1382412366.437244 380.437245 0.755071 1.278094
1382412366.947329 380.947328 0.754652 1.279164
1382412367.447151 381.447151 0.754877 1.278863
1382412367.937207 381.937207 0.755321 1.279977
1382412368.437361 382.437361 0.756698 1.279027
1382412368.937247 382.937247 0.755577 1.278988
1382412369.437083 383.437083 0.757163 1.278624
1382412369.937032 383.937033 0.756111 1.280105
1382412370.447048 384.447048 0.756716 1.278721
1382412370.947087 384.947087 0.756300 1.277540
1382412371.437385 385.437385 0.754774 1.278348
1382412371.937393 385.937394 0.756172 1.277964
1382412372.437304 386.437305 0.756849 1.279095
1382412372.937380 386.937379 0.755574 1.278394
1382412373.437268 387.437268 0.755446 1.279049
1382412373.937160 387.937160 0.755176 1.279062
1382412374.437155 388.437156 0.755237 1.278761
1382412374.937562 388.937563 0.754578 1.279006
1382412375.432501 389.432500 0.754920 1.278631
1382412375.932165 389.932166 0.755301 1.278272
1382412376.437349 390.437349 0.754453 1.278491
1382412376.932415 390.932415 0.755863 1.278925
1382412377.427413 391.427413 0.755331 1.278134
1382412377.932443 391.932443 0.755201 1.278611
1382412378.437440 392.437440 0.755091 1.278685
1382412378.940052 392.940052 0.755229 1.277400
1382412379.440068 393.440067 0.754593 1.276929
1382412379.937360 393.937360 0.755490 1.276722
1382412380.437360 394.437359 0.755651 1.278422
1382412380.937462 394.937462 0.755140 1.279419
1382412381.437509 395.437509 0.755132 1.277997
1382412381.937604 395.937604 0.755347 1.277158
1382412382.437608 396.437608 0.754601 1.278257
1382412382.937510 396.937510 0.754440 1.278377
1382412383.432458 397.432458 0.755490 1.278478
1382412383.932372 397.932372 0.755063 1.278127
1382412384.437509 398.437509 0.755061 1.278094
1382412384.937436 398.937436 0.755229 1.277510
1382412385.453074 399.453073 0.756430 1.277538
1382412385.953815 399.953816 0.756974 1.278417
1382412386.432658 400.432659 0.758093 1.276987
1382412386.932532 400.932532 0.758632 1.278713
1382412387.437458 401.437458 0.759978 1.278213
1382412387.937536 401.937536 0.761340 1.279121
1382412388.432731 402.432732 0.754677 1.271614
1382412388.927763 402.927763 0.752146 1.270729
1382412389.427514 403.427514 0.754261 1.271797
1382412389.932414 403.932414 0.755656 1.270240
1382412390.437656 404.437656 0.755280 1.269393
1382412390.937694 404.937693 0.754445 1.269381
1382412391.457490 405.457491 0.756885 1.269146
1382412391.957489 405.957490 0.756987 1.269684
1382412392.438236 406.438236 0.759335 1.269118
1382412392.938294 406.938294 0.759996 1.268674
1382412393.437702 407.437702 0.760459 1.268483
1382412393.937673 407.937673 0.761580 1.268917
1382412394.432974 408.432974 0.763008 1.269480
1382412394.933012 408.933012 0.762086 1.269075
1382412395.437609 409.437609 0.762623 1.269352
1382412395.937548 409.937549 0.763450 1.270104
1382412396.437564 410.437564 0.764314 1.270260
1382412396.937616 410.937616 0.764825 1.270140
1382412397.437672 411.437672 0.766662 1.269913
1382412397.937618 411.937618 0.769183 1.268384
1382412398.433171 412.433170 0.771314 1.268432
1382412398.933287 412.933287 0.771794 1.268667
1382412399.432747 413.432747 0.771830 1.267797
1382412399.932687 413.932687 0.772969 1.269258
1382412400.437703 414.437703 0.770443 1.269518
1382412400.937738 414.937738 0.771546 1.269755
1382412401.437846 415.437846 0.770011 1.270347
1382412401.937734 415.937734 0.770946 1.270658
1382412402.437655 416.437655 0.770062 1.269730
1382412402.937691 416.937691 0.770565 1.270280
1382412403.437763 417.437763 0.772558 1.270122
1382412403.932878 417.932878 0.773511 1.270913
1382412404.427830 418.427830 0.772560 1.269753
1382412404.927727 418.927726 0.771784 1.269658
1382412405.432704 419.432705 0.772050 1.269824
1382412405.937977 419.937977 0.771567 1.268126
1382412406.438049 420.438049 0.770841 1.270079
1382412406.937868 420.937868 0.770644 1.268983
1382412407.432954 421.432953 0.770231 1.269855
1382412407.933091 421.933091 0.770323 1.268616
1382412408.433111 422.433111 0.771705 1.268292
1382412408.933125 422.933125 0.770310 1.268718
1382412409.433190 423.433190 0.769262 1.270614
1382412409.943229 423.943229 0.770305 1.270056
1382412410.448138 424.448137 0.769993 1.269839
1382412410.938113 424.938113 0.769347 1.269358
1382412411.448104 425.448104 0.770519 1.269284
1382412411.943006 425.943006 0.772044 1.269228
1382412412.433016 426.433015 0.773812 1.269865
1382412412.933136 426.933136 0.774763 1.270780
1382412413.439285 427.439285 0.776344 1.270138
1382412413.939114 427.939114 0.777583 1.269154
1382412414.427898 428.427898 0.779778 1.269039
1382412414.932962 428.932962 0.781349 1.269233
1382412415.433193 429.433193 0.783615 1.270138
1382412415.928224 429.928224 0.782767 1.269215
1382412416.438108 430.438108 0.783301 1.269146
1382412416.943074 430.943073 0.784583 1.268182
1382412417.433026 431.433026 0.787133 1.268216
1382412417.930228 431.930228 0.788318 1.268047
1382412418.430343 432.430343 0.791325 1.268993
1382412418.933150 432.933150 0.793530 1.269411
1382412419.433274 433.433274 0.792722 1.268516
1382412419.928306 433.928306 0.795701 1.267639
1382412420.428281 434.428280 0.796613 1.268542
1382412420.928210 434.928210 0.798614 1.268809
1382412421.428135 435.428135 0.800333 1.270214
1382412421.928259 435.928259 0.800895 1.268532
1382412422.428389 436.428389 0.800696 1.269029
1382412422.928349 436.928349 0.803409 1.269307
1382412423.428225 437.428225 0.803828 1.268993
1382412423.928232 437.928232 0.804081 1.268853
1382412424.428107 438.428107 0.806332 1.268562
1382412424.928072 438.928072 0.805877 1.268911
1382412425.428086 439.428085 0.807014 1.268384
1382412425.928106 439.928106 0.806595 1.268611
1382412426.428169 440.428169 0.808010 1.268445
1382412426.928581 440.928580 0.809862 1.268521
1382412427.428602 441.428602 0.813339 1.268045
1382412427.943424 441.943424 0.814451 1.268119
1382412428.458304 442.458304 0.817555 1.269839
1382412428.958253 442.958254 0.820531 1.268317
1382412429.443305 443.443305 0.823650 1.268333
1382412429.928267 443.928267 0.826838 1.268514
1382412430.428317 444.428317 0.828093 1.268542
1382412430.928297 444.928297 0.829521 1.269990
1382412431.428289 445.428289 0.829937 1.269177
1382412431.928462 445.928461 0.830568 1.268623
1382412432.428644 446.428644 0.831682 1.269059
1382412432.928730 446.928730 0.831869 1.269360
1382412433.428659 447.428659 0.831335 1.269133
1382412433.928616 447.928616 0.833399 1.269335
1382412434.428505 448.428505 0.834653 1.269041
1382412434.928356 448.928356 0.837111 1.269189
1382412435.428407 449.428408 0.835772 1.269536
1382412435.928333 449.928333 0.835665 1.268685
1382412436.428327 450.428327 0.835146 1.269786
1382412436.928384 450.928384 0.836056 1.269590
1382412437.428394 451.428393 0.837259 1.268794
1382412437.928443 451.928443 0.838675 1.269095
1382412438.428525 452.428525 0.839446 1.268516
1382412438.928448 452.928448 0.841457 1.268835
1382412439.433602 453.433602 0.842458 1.269273
1382412439.933635 453.933635 0.843455 1.268899
1382412440.428442 454.428442 0.845480 1.269454
1382412440.928584 454.928584 0.845784 1.269974
1382412441.433644 455.433643 0.847815 1.269768
1382412441.933625 455.933625 0.848061 1.269319
1382412442.428552 456.428552 0.848771 1.269485
1382412442.933537 456.933537 0.849144 1.268835
1382412443.433690 457.433689 0.850700 1.269179
1382412443.929148 457.929148 0.849136 1.268154
1382412444.429116 458.429116 0.850437 1.269324
1382412444.928674 458.928674 0.851443 1.269625
1382412445.438669 459.438669 0.853109 1.270405
1382412445.938773 459.938774 0.854882 1.268476
1382412446.428855 460.428855 0.854596 1.269082
1382412446.928680 460.928681 0.855743 1.269286
1382412447.428660 461.428660 0.857467 1.268608
1382412447.928706 461.928706 0.859514 1.269210
1382412448.428591 462.428592 0.859577 1.268419
1382412448.928640 462.928640 0.860587 1.268519
1382412449.428790 463.428789 0.862015 1.269192
1382412449.928895 463.928895 0.863054 1.268866
1382412450.428921 464.428920 0.864276 1.268325
1382412450.928902 464.928902 0.864431 1.268481
1382412451.448822 465.448822 0.865295 1.268815
1382412451.948684 465.948684 0.866015 1.268216
1382412452.428681 466.428681 0.866861 1.268175
1382412452.928807 466.928807 0.869334 1.268098
1382412453.429074 467.429074 0.870116 1.267048
1382412453.928834 467.928834 0.873764 1.268119
1382412454.428715 468.428715 0.876763 1.268488
1382412454.928695 468.928695 0.879558 1.268781
1382412455.433829 469.433828 0.880629 1.269082
1382412455.934073 469.934073 0.880005 1.269358
1382412456.449039 470.449038 0.881221 1.267711
1382412456.948989 470.948989 0.881781 1.267721
1382412457.428937 471.428937 0.881885 1.267596
1382412457.928941 471.928941 0.881548 1.267933
1382412458.429074 472.429073 0.883541 1.267775
1382412458.929225 472.929225 0.885028 1.267797
1382412459.434097 473.434097 0.887317 1.268973
1382412459.933899 473.933899 0.888198 1.267963
1382412460.443828 474.443828 0.888579 1.267504
1382412460.948999 474.948999 0.888709 1.268312
1382412461.440144 475.440143 0.889197 1.269095
1382412461.950027 475.950027 0.889108 1.267305
1382412462.444092 476.444092 0.890048 1.267599
1382412462.924117 476.924116 0.891936 1.267803
1382412463.418982 477.418982 0.895740 1.267897
1382412463.919059 477.919059 0.898095 1.267619
1382412464.419132 478.419131 0.899465 1.268254
1382412464.920514 478.920514 0.899459 1.268942
1382412465.420413 479.420413 0.900773 1.267818
1382412465.918954 479.918954 0.901294 1.267966
1382412466.418952 480.418952 0.902178 1.267759
1382412466.918873 480.918873 0.903026 1.266806
1382412467.418987 481.418987 0.902129 1.268152
1382412467.929115 481.929115 0.904932 1.268690
1382412468.429038 482.429038 0.906273 1.268427
1382412468.919008 482.919008 0.906475 1.268473
1382412469.418993 483.418993 0.907770 1.267540
1382412469.919025 483.919025 0.909063 1.268142
1382412470.419027 484.419027 0.910889 1.268307
1382412470.918971 484.918971 0.912486 1.267107
1382412471.419005 485.419005 0.913250 1.267731
1382412471.919034 485.919034 0.915123 1.267530
1382412472.419118 486.419118 0.916873 1.267578
1382412472.919015 486.919015 0.918487 1.267012
1382412473.419138 487.419138 0.919632 1.266291
1382412473.919414 487.919414 0.921658 1.267280
1382412474.419322 488.419323 0.923339 1.267446
1382412474.919037 488.919037 0.925324 1.267769
1382412475.419031 489.419032 0.927850 1.266951
1382412475.919079 489.919079 0.929501 1.267782
1382412476.419122 490.419122 0.932058 1.267532
1382412476.919043 490.919042 0.934112 1.267119
1382412477.419092 491.419092 0.936209 1.266202
1382412477.919162 491.919162 0.939842 1.266518
1382412478.419131 492.419130 0.942354 1.266913
1382412478.919113 492.919114 0.944844 1.266579
1382412479.419254 493.419253 0.947427 1.267639
1382412479.935658 493.935658 0.951127 1.266291
1382412480.440544 494.440544 0.952429 1.267099
1382412480.924176 494.924175 0.955199 1.267331
1382412481.419254 495.419254 0.957309 1.267481
1382412481.919254 495.919254 0.959228 1.267966
1382412482.419200 496.419201 0.960472 1.267267
1382412482.929160 496.929160 0.963527 1.266579
1382412483.429212 497.429212 0.966547 1.266485
1382412483.919367 497.919366 0.968041 1.265654
1382412484.419349 498.419349 0.970435 1.265957
1382412484.929585 498.929585 0.971881 1.266612
1382412485.429620 499.429619 0.975261 1.266436
1382412485.939806 499.939805 0.977624 1.266426
1382412486.440461 500.440462 0.979699 1.266592
1382412486.919930 500.919929 0.982386 1.266681
1382412487.424263 501.424263 0.984185 1.267094
1382412487.924364 501.924363 0.987496 1.266900
1382412488.419364 502.419364 0.989287 1.266161
1382412488.919293 502.919293 0.991772 1.265750
1382412489.419349 503.419349 0.994294 1.267040
1382412489.919358 503.919359 0.995704 1.266546
1382412490.419336 504.419336 1.000111 1.266683
1382412490.919545 504.919545 1.002602 1.265427
1382412491.419596 505.419596 1.005678 1.266775
1382412491.919433 505.919433 1.008871 1.266429
1382412492.419521 506.419521 1.012857 1.265332
1382412492.919549 506.919549 1.016750 1.265608
1382412493.419488 507.419488 1.019376 1.266854
1382412493.919452 507.919453 1.020401 1.266956
1382412494.419384 508.419385 1.022363 1.267010
1382412494.919412 508.919412 1.024172 1.266258
1382412495.419457 509.419458 1.025140 1.267724
1382412495.919455 509.919455 1.027143 1.266699
1382412496.419424 510.419423 1.030459 1.266880
1382412496.919461 510.919462 1.035014 1.266485
1382412497.419461 511.419461 1.037896 1.266291
1382412497.919504 511.919504 1.040415 1.267609
1382412498.419463 512.419463 1.045276 1.267364
1382412498.919614 512.919614 1.048403 1.265712
1382412499.419816 513.419816 1.051341 1.266617
1382412499.919671 513.919671 1.053268 1.265812
1382412500.419512 514.419512 1.055069 1.266158
1382412500.919561 514.919561 1.059596 1.266533
1382412501.419950 515.419951 1.060222 1.265715
1382412501.919927 515.919927 1.060367 1.266531
1382412502.419575 516.419575 1.061448 1.266872
1382412502.919572 516.919572 1.061703 1.265965
1382412503.419631 517.419631 1.062355 1.266844
1382412503.924777 517.924777 1.061637 1.266870
1382412504.424745 518.424745 1.060482 1.266431
1382412504.919729 518.919728 1.060615 1.266900
1382412505.420168 519.420168 1.059593 1.266714
1382412505.920180 519.920180 1.059404 1.268142
1382412506.419974 520.419974 1.060370 1.266864
1382412506.920279 520.920279 1.059782 1.266701
1382412507.420143 521.420143 1.061846 1.266620
1382412507.919883 521.919884 1.062102 1.265615
1382412508.419961 522.419961 1.062781 1.266021
1382412508.929848 522.929848 1.061808 1.267122
1382412509.434933 523.434933 1.062603 1.266923
1382412509.939956 523.939956 1.063599 1.266706
1382412510.439835 524.439835 1.062002 1.266480
1382412510.931070 524.931070 1.062991 1.266765
1382412511.436218 525.436218 1.062822 1.266508
1382412511.930100 525.930101 1.063374 1.267094
1382412512.430020 526.430019 1.061476 1.266770
1382412512.930041 526.930041 1.062871 1.266118
1382412513.419981 527.419982 1.061941 1.267553
1382412513.919935 527.919936 1.061346 1.266987
1382412514.419988 528.419988 1.061880 1.265626
1382412514.915024 528.915024 1.062278 1.266278
1382412515.410022 529.410022 1.062597 1.265733
1382412515.909952 529.909953 1.061887 1.264155
1382412516.410161 530.410161 1.062424 1.265090
1382412516.910310 530.910310 1.061287 1.264226
1382412517.410117 531.410117 1.062368 1.264440
1382412517.910468 531.910468 1.064519 1.265506
1382412518.410439 532.410439 1.064399 1.266064
1382412518.910064 532.910064 1.065152 1.265195
1382412519.410093 533.410093 1.064112 1.266322
1382412519.910087 533.910087 1.065584 1.266727
1382412520.420151 534.420152 1.066685 1.266768
1382412520.920136 534.920136 1.066808 1.265796
1382412521.410157 535.410157 1.064284 1.266046
1382412521.910203 535.910203 1.066468 1.265868
1382412522.410239 536.410239 1.310675 1.556195

1382412935.994781 151.994781 1.678967 1.452745
1382412936.494859 152.494859 1.678698 0.268086
1382412936.989997 152.989997 1.680476 0.179145
1382412937.500256 153.500256 1.679807 0.349600
1382412938.000146 154.000147 1.679881 0.696050

1382413285.480422 501.480422 1.677845 1.381911
1382413285.980421 501.980421 1.676861 1.381386
1382413286.480576 502.480576 1.677168 1.381151
1382413286.980593 502.980593 1.678846 1.379436
1382413287.481057 503.481058 1.678443 1.380690
1382413287.981097 503.981097 1.679500 1.381513
1382413288.480536 504.480535 1.677740 1.380965
1382413288.980568 504.980568 1.677561 1.380769
1382413289.470604 505.470605 1.678522 1.381829
1382413289.970608 505.970609 1.677165 1.381931
1382413290.470526 506.470527 1.678139 1.382189
1382413290.975535 506.975535 1.678282 1.382816
1382413291.475560 507.475560 1.676442 1.381202
1382413291.970622 507.970622 1.678215 1.381862
1382413292.470718 508.470718 1.678039 1.381406
1382413292.970865 508.970865 1.679196 1.382874
1382413293.480786 509.480786 1.677393 1.382892
1382413293.985631 509.985631 1.678903 1.383323
1382413294.475666 510.475665 1.679038 1.382846
1382413294.970730 510.970730 1.677671 1.383412
1382413295.470726 511.470726 1.678466 1.381763
1382413295.970757 511.970758 1.677293 1.381832
1382413296.475805 512.475805 1.679718 1.383461
1382413296.975816 512.975816 1.678624 1.382005
1382413297.470772 513.470772 1.679138 1.383239
1382413297.970768 513.970768 1.678788 1.382038
1382413298.480804 514.480804 1.676854 1.383033
1382413298.980819 514.980819 1.677222 1.382207
1382413299.481110 515.481110 1.677991 1.382222
1382413299.981124 515.981124 1.679076 1.383315
1382413300.470803 516.470803 1.679383 1.381500
1382413300.970878 516.970878 1.680469 1.382744
1382413301.470874 517.470874 1.678772 1.383188
1382413301.970842 517.970842 1.679025 1.382637
1382413302.470869 518.470868 1.677416 1.382951
1382413302.985879 518.985879 1.677089 1.382788
1382413303.485878 519.485877 1.678203 1.381717
1382413303.971247 519.971248 1.678563 1.382632
1382413304.481334 520.481335 1.677257 1.382505
1382413304.981091 520.981091 1.677963 1.383377
1382413305.471135 521.471135 1.677988 1.382755
1382413305.971225 521.971225 1.677528 1.384396
1382413306.471148 522.471148 1.677681 1.383379
1382413306.971040 522.971040 1.678450 1.383874
1382413307.471071 523.471071 1.676156 1.383945
1382413307.971077 523.971077 1.675883 1.384628
1382413308.476139 524.476139 1.675132 1.384029
1382413308.976187 524.976187 1.676059 1.384259
1382413309.471129 525.471130 1.676128 1.384113
1382413309.971098 525.971098 1.675444 1.384147
1382413310.471148 526.471147 1.677950 1.384674
1382413310.971178 526.971177 1.677094 1.384567
1382413311.471129 527.471130 1.675875 1.384437
1382413311.972157 527.972157 1.676849 1.384654
1382413312.472249 528.472249 1.677283 1.384644
1382413312.971267 528.971267 1.676900 1.385821
1382413313.471256 529.471256 1.674649 1.385893
1382413313.971272 529.971272 1.678458 1.385926
1382413314.471315 530.471315 1.677107 1.384266
1382413314.971348 530.971348 1.676918 1.384559
1382413315.481318 531.481319 1.677533 1.384878
1382413315.991497 531.991496 1.677789 1.387152
1382413316.481438 532.481438 1.677063 1.385080
1382413316.971299 532.971299 1.677153 1.385582
1382413317.471317 533.471316 1.677229 1.386341
1382413317.971328 533.971327 1.676716 1.386117
1382413318.471514 534.471514 1.677357 1.387478
1382413318.971611 534.971612 1.678305 1.387463
1382413319.471500 535.471500 1.678254 1.386698
1382413319.971483 535.971482 1.676997 1.386403
1382413320.471469 536.471469 1.677288 1.387478
1382413320.971504 536.971505 1.678918 1.386367
1382413321.471495 537.471495 1.678392 1.386173
1382413321.971467 537.971467 1.678514 1.385289
1382413322.471478 538.471478 1.677730 1.386313
1382413322.971519 538.971519 1.677224 1.386028
1382413323.486538 539.486539 1.677636 1.386132
1382413323.986543 539.986543 1.676499 1.385972
1382413324.471714 540.471714 1.676465 1.385332
1382413324.981747 540.981748 1.676368 1.386143
1382413325.501692 541.501691 1.676473 1.387042
1382413325.992030 541.992030 1.677010 1.385768
1382413326.472030 542.472030 1.675947 1.386854
1382413326.971720 542.971720 1.678146 1.385834
1382413327.471699 543.471698 1.678103 1.385911
1382413327.971699 543.971699 1.676923 1.384883
1382413328.471713 544.471713 1.677725 1.385085
1382413329.001661 545.001661 1.678852 1.385434
1382413329.501676 545.501676 1.677932 1.385227
1382413329.981966 545.981966 1.678826 1.384842
1382413330.482025 546.482025 1.677579 1.385227
1382413330.986830 546.986830 1.678752 1.384743
1382413331.487024 547.487024 1.676828 1.385092
1382413331.987194 547.987193 1.678637 1.384865
1382413332.487012 548.487012 1.678726 1.384865
1382413332.971835 548.971835 1.678542 1.382925
1382413333.471815 549.471815 1.676442 1.384205
1382413333.971873 549.971873 1.677842 1.382839
1382413334.471889 550.471889 1.678274 1.383642
1382413334.971895 550.971895 1.679988 1.384911
1382413335.471951 551.471952 1.679317 1.383400
1382413335.976944 551.976944 1.677441 1.382660
1382413336.476940 552.476941 1.679500 1.383581
1382413336.982188 552.982187 1.676964 1.382979
1382413337.482377 553.482377 1.678318 1.383277
1382413337.982352 553.982352 1.679033 1.383932
1382413338.482153 554.482153 1.678049 1.384366
1382413338.987094 554.987094 1.677365 1.384376
1382413339.487511 555.487512 1.677661 1.383619
1382413339.972416 555.972416 1.678504 1.383683
1382413340.472036 556.472036 1.677919 1.384310
1382413340.972017 556.972017 1.677038 1.384080
1382413341.487032 557.487032 1.677229 1.383774
1382413341.987087 557.987087 1.677308 1.384381
1382413342.472091 558.472091 1.678862 1.384096
1382413342.972078 558.972078 1.676981 1.384241
1382413343.472307 559.472307 1.676320 1.384093
1382413343.972450 559.972451 1.675520 1.383366
1382413344.472296 560.472296 1.676059 1.382212
1382413344.972422 560.972422 1.677712 1.384243
1382413345.472421 561.472421 1.678905 1.384045
1382413345.972236 561.972237 1.679237 1.384373
1382413346.472333 562.472333 1.677781 1.383208
1382413346.982470 562.982470 1.676999 1.384027
1382413347.482347 563.482347 1.677825 1.383711
1382413347.977189 563.977189 1.676900 1.383119
1382413348.477315 564.477316 1.677932 1.382395
1382413348.972371 564.972371 1.677796 1.382801
1382413349.472357 565.472356 1.679258 1.383499
1382413349.972408 565.972408 1.678425 1.383598
1382413350.472621 566.472622 1.678683 1.383823
1382413350.972726 566.972726 1.679023 1.384891
1382413351.472469 567.472469 1.678162 1.384085
1382413351.972374 567.972374 1.678169 1.383950
1382413352.472400 568.472400 1.679529 1.383540
1382413352.972369 568.972369 1.676964 1.382811
1382413353.472423 569.472423 1.677188 1.382482


1382413717.196853 337.196853 0.915340 1.700414
1382413717.696852 337.696852 0.185655 1.699272
1382413718.186927 338.186927 0.239624 1.698471
1382413718.686974 338.686974 0.567951 1.699150
1382413719.186917 339.186916 0.811520 1.698517
1382413719.686888 339.686889 0.811055 1.699654
1382413720.187379 340.187379 0.812828 1.700269
1382413720.687399 340.687399 0.813395 1.699988
1382413721.186897 341.186897 0.813326 1.699257
1382413721.687193 341.687193 0.815084 1.649347
1382413722.187365 342.187365 0.814778 0.541112
1382413722.689854 342.689854 0.816040 0.175232
1382413723.189749 343.189749 0.816561 0.255513
1382413723.687044 343.687045 0.815932 0.648531


1382414186.722330 53.722329 1.064378 1.698675
1382414187.217228 54.217228 1.064682 1.698176
1382414187.697094 54.697094 1.064089 1.698181
1382414188.196937 55.196937 1.062830 1.698579
1382414188.697038 55.697038 1.059757 1.699308
1382414189.197233 56.197233 1.059312 1.699254
1382414189.697168 56.697168 1.057542 1.697337
1382414190.197359 57.197359 1.057314 1.697753
1382414190.697309 57.697309 1.056052 1.698071
1382414191.196963 58.196962 1.055296 1.699746
1382414191.697040 58.697039 1.052728 1.699175
1382414192.197129 59.197129 1.050777 1.699264
1382414192.697069 59.697069 1.048143 1.699563
1382414193.197103 60.197103 1.046985 1.699201
1382414193.697176 60.697176 1.046086 1.698747
1382414194.197213 61.197214 1.043197 1.698268
1382414194.697193 61.697193 1.040502 1.698382
1382414195.197108 62.197107 1.038016 1.698548
1382414195.692795 62.692795 1.036455 1.698907
1382414196.182833 63.182833 1.033407 1.698918
1382414196.677254 63.677254 1.032255 1.697421
1382414197.187422 64.187421 1.029843 1.697171
1382414197.697584 64.697584 1.028566 1.697138
1382414198.187509 65.187509 1.027163 1.698487
1382414198.677303 65.677303 1.027807 1.697944
1382414199.177301 66.177301 1.025653 1.699578
1382414199.677332 66.677332 1.025388 1.700004
1382414200.177540 67.177540 1.022256 1.698556
1382414200.677527 67.677527 1.021469 1.697064
1382414201.177801 68.177801 1.020687 1.697536
1382414201.677814 68.677813 1.019535 1.698433
1382414202.187596 69.187596 1.017243 1.698339
1382414202.697867 69.697867 1.013138 1.697982
1382414203.187768 70.187768 1.011600 1.697834
1382414203.677531 70.677530 1.011365 1.698260
1382414204.177347 71.177347 1.009860 1.697097
1382414204.677460 71.677461 1.008524 1.698897
1382414205.177452 72.177451 1.007770 1.697857
1382414205.677361 72.677360 1.006761 1.698319
1382414206.177390 73.177390 1.006654 1.699603
1382414206.677334 73.677334 1.007057 1.698204
1382414207.177341 74.177341 1.004587 1.698484
1382414207.677413 74.677413 1.004005 1.698938
1382414208.177413 75.177414 1.001958 1.699303
1382414208.677421 75.677421 1.000098 1.697118
1382414209.177555 76.177555 0.999741 1.697205
1382414209.687708 76.687708 0.998003 1.696478
1382414210.187928 77.187928 0.995891 1.695328
1382414210.677842 77.677842 0.997015 1.696924
1382414211.177541 78.177541 0.996547 1.697434
1382414211.677510 78.677510 0.995599 1.698757
1382414212.177675 79.177676 0.995495 1.698005
1382414212.678108 79.678108 0.994475 1.698283
1382414213.178038 80.178038 0.994999 1.698324
1382414213.677492 80.677492 0.994187 1.697482
1382414214.177665 81.177665 0.993890 1.696475
1382414214.677700 81.677700 0.992695 1.697572
1382414215.177596 82.177596 0.993011 1.696934
1382414215.678003 82.678002 0.993645 1.697057
1382414216.178096 83.178095 0.993737 1.697256
1382414216.677728 83.677728 0.993410 1.697278
1382414217.177708 84.177708 0.992794 1.696542
1382414217.677841 84.677841 0.991300 1.698046
1382414218.178041 85.178041 0.988196 1.698589
1382414218.678371 85.678371 0.987818 1.697439
1382414219.188226 86.188227 0.986295 1.697243
1382414219.707867 86.707867 0.985225 1.698199
1382414220.197773 87.197774 0.984195 1.698777
1382414220.677831 87.677832 0.982918 1.699693
1382414221.177886 88.177886 0.979806 1.698951
1382414221.677665 88.677665 0.976337 1.697378
1382414222.177745 89.177745 0.973958 1.697294
1382414222.677866 89.677866 0.971322 1.696843
1382414223.177820 90.177820 0.970928 1.697373
1382414223.677907 90.677907 0.969883 1.697702
1382414224.177965 91.177966 0.968384 1.698081
1382414224.677933 91.677933 0.966790 1.698048
1382414225.178114 92.178114 0.964480 1.696878
1382414225.678078 92.678078 0.963009 1.696409
1382414226.177914 93.177914 0.961297 1.696542
1382414226.677834 93.677834 0.958655 1.695991
1382414227.177887 94.177887 0.958045 1.696203
1382414227.677996 94.677996 0.956665 1.695915
1382414228.178029 95.178028 0.955058 1.696519
1382414228.677874 95.677874 0.953942 1.695522
1382414229.177963 96.177963 0.951939 1.695622
1382414229.678186 96.678186 0.951196 1.695316
1382414230.178068 97.178069 0.949900 1.696396
1382414230.677922 97.677922 0.949287 1.695135
1382414231.178121 98.178120 0.948564 1.697539
1382414231.678631 98.678631 0.945182 1.695943
1382414232.178473 99.178474 0.944523 1.695741
1382414232.677944 99.677944 0.942486 1.694870
1382414233.178091 100.178090 0.941097 1.696172
1382414233.678310 100.678310 0.939781 1.697276
1382414234.178152 101.178151 0.937548 1.694885
1382414234.678253 101.678254 0.935586 1.695813
1382414235.188354 102.188354 0.932290 1.696483
1382414235.688086 102.688086 0.930655 1.697533
1382414236.178021 103.178022 0.930926 1.696572
1382414236.678224 103.678224 0.929958 1.696345
1382414237.188236 104.188236 0.928285 1.695624
1382414237.688160 104.688161 0.928675 1.697194
1382414238.178308 105.178308 0.927633 1.697024
1382414238.678255 105.678255 0.926726 1.696705
1382414239.178132 106.178132 0.925784 1.696024
1382414239.678240 106.678240 0.926024 1.695260
1382414240.188256 107.188256 0.924401 1.696391
1382414240.688170 107.688170 0.922892 1.696636
1382414241.178219 108.178219 0.923431 1.695601
1382414241.688584 108.688583 0.922991 1.695453
1382414242.208803 109.208803 0.922687 1.697136
1382414242.698402 109.698402 0.923014 1.697855
1382414243.198278 110.198278 0.923180 1.695545
1382414243.698407 110.698407 0.921716 1.694135
1382414244.178287 111.178287 0.920886 1.694513
1382414244.678349 111.678349 0.919524 1.695290
1382414245.178344 112.178345 0.919578 1.696498
1382414245.678205 112.678205 0.919596 1.694653
1382414246.178528 113.178528 0.918099 1.693735
1382414246.678617 113.678616 0.917606 1.694689
1382414247.178509 114.178509 0.916563 1.694327
1382414247.678564 114.678564 0.915585 1.694135
1382414248.188653 115.188653 0.915833 1.693845
1382414248.688513 115.688512 0.915473 1.693697
1382414249.178570 116.178570 0.914111 1.694719
1382414249.678687 116.678687 0.913301 1.695435
1382414250.178396 117.178395 0.914453 1.693796
1382414250.678487 117.678487 0.913963 1.695260
1382414251.178535 118.178535 0.912680 1.694714
1382414251.678617 118.678617 0.912599 1.694632
1382414252.178436 119.178436 0.912376 1.695650
1382414252.678381 119.678382 0.912348 1.695198
1382414253.178549 120.178548 0.913171 1.695193
1382414253.688430 120.688429 0.912844 1.695127
1382414254.198373 121.198373 0.912803 1.695683
1382414254.691657 121.691657 0.914126 1.696463
1382414255.182149 122.182149 0.912162 1.696929
1382414255.678965 122.678964 0.912507 1.696975
1382414256.178444 123.178444 0.912803 1.696631
1382414256.678478 123.678479 0.911707 1.695425
1382414257.178471 124.178471 0.911181 1.696567
1382414257.678664 124.678665 0.909799 1.697159
1382414258.178708 125.178707 0.909778 1.697222
1382414258.678513 125.678513 0.909410 1.696348
1382414259.178615 126.178614 0.908802 1.696226
1382414259.688557 126.688557 0.909911 1.698262
1382414260.188461 127.188461 0.909814 1.697829
1382414260.678711 127.678711 0.908539 1.697215
1382414261.178745 128.178745 0.908682 1.697029
1382414261.678530 128.678530 0.907722 1.696934
1382414262.178993 129.178993 0.907417 1.695609
1382414262.679002 129.679002 0.906866 1.695372
1382414263.178677 130.178677 0.906700 1.694161
1382414263.678597 130.678598 0.906684 1.695045
1382414264.178552 131.178552 0.907113 1.695660
1382414264.688613 131.688613 0.905767 1.696427
1382414265.208842 132.208841 0.906626 1.695999
1382414265.698850 132.698850 0.906848 1.696029
1382414266.178752 133.178752 0.904508 1.696149
1382414266.678906 133.678906 0.905859 1.697189
1382414267.198932 134.198932 0.905522 1.695313
1382414267.708875 134.708876 0.904643 1.695994
1382414268.203922 135.203922 0.904252 1.695226
1382414268.694104 135.694104 0.904947 1.696774
1382414269.179012 136.179012 0.905772 1.695808
1382414269.678721 136.678721 0.903887 1.695963
1382414270.178914 137.178913 0.902196 1.696626
1382414270.679286 137.679286 0.902403 1.696575
1382414271.179203 138.179203 0.901554 1.695532
1382414271.679034 138.679034 0.902193 1.695489
1382414272.178963 139.178963 0.901404 1.695578
1382414272.678757 139.678757 0.901416 1.695887
1382414273.178997 140.178997 0.899431 1.696463
1382414273.679188 140.679187 0.898900 1.696200
1382414274.179152 141.179153 0.898854 1.696906
1382414274.679100 141.679100 0.898075 1.697008
1382414275.178929 142.178929 0.897306 1.698033
1382414275.688895 142.688896 0.897474 1.694643
1382414276.188944 143.188944 0.895175 1.695571
1382414276.678885 143.678885 0.895341 1.694974
1382414277.178843 144.178843 0.895068 1.695430
1382414277.678872 144.678872 0.894603 1.696937
1382414278.178870 145.178870 0.894296 1.696641
1382414278.678977 145.678976 0.892429 1.694821
1382414279.188997 146.188997 0.891716 1.695390
1382414279.689356 146.689356 0.891177 1.696019
1382414280.179425 147.179425 0.891070 1.696017
1382414280.681859 147.681860 0.889080 1.696182
1382414281.181813 148.181812 0.889105 1.695833
1382414281.678974 148.678974 0.888571 1.696761
1382414282.179010 149.179010 0.888298 1.696509
1382414282.678963 149.678963 0.887335 1.697171
1382414283.188973 150.188973 0.887077 1.697725
1382414283.688979 150.688979 0.886747 1.697082
1382414284.174066 151.174066 0.885069 1.697551
1382414284.674125 151.674125 0.885347 1.698278
1382414285.179032 152.179032 0.885884 1.696096
1382414285.678999 152.678999 0.884941 1.697559
1382414286.179041 153.179041 0.884624 1.697352
1382414286.679029 153.679028 0.884494 1.696766
1382414287.179419 154.179419 0.884141 1.695843
1382414287.679465 154.679464 0.884159 1.697286
1382414288.179127 155.179127 0.884011 1.697748
1382414288.679129 155.679129 0.882956 1.696465
1382414289.179091 156.179091 0.882672 1.695917
1382414289.679094 156.679094 0.883280 1.695466
1382414290.179261 157.179262 0.883122 1.696149
1382414290.679265 157.679266 0.871414 1.697765
1382414291.179303 158.179303 0.842578 1.779094
1382414291.679303 158.679303 0.842984 1.778984
1382414292.179358 159.179359 0.842228 1.778016
1382414292.681662 159.681662 0.842525 1.778212
1382414293.186572 160.186572 0.842450 1.777304
1382414293.684345 160.684345 0.842670 1.775767
1382414294.179182 161.179182 0.842698 1.775329
1382414294.679173 161.679173 0.842353 1.775321
1382414295.179185 162.179185 0.842933 1.774381
1382414295.674226 162.674226 0.843715 1.773272
1382414296.223295 163.223295 0.843715 1.772280
1382414296.674315 163.674316 0.844295 1.772303
1382414297.174325 164.174326 0.843792 1.771944
1382414297.669265 164.669265 0.842926 1.772091
1382414298.169343 165.169343 0.843099 1.772053
1382414298.674406 165.674406 0.842826 1.771551
1382414299.179315 166.179314 0.841991 1.770654
1382414299.679469 166.679469 0.842591 1.770998
1382414300.179501 167.179501 0.841960 1.768793
1382414300.679341 167.679340 0.844328 1.768895
1382414301.174427 168.174426 0.843797 1.766290
1382414301.674488 168.674488 0.843066 1.767730
1382414302.174507 169.174507 0.842062 1.767783
1382414302.669462 169.669462 0.842512 1.766004
1382414303.169765 170.169765 0.842267 1.765181
1382414303.674809 170.674809 0.841554 1.765178
1382414304.179437 171.179437 0.842325 1.764232
1382414304.679378 171.679378 0.841940 1.763784
1382414305.179398 172.179397 0.842198 1.762550
1382414305.679481 172.679481 0.843071 1.762094
1382414306.174627 173.174627 0.842532 1.760370
1382414306.674866 173.674866 0.842070 1.758928
1382414307.179641 174.179641 0.841825 1.758833
1382414307.679559 174.679558 0.841544 1.757594
1382414308.179581 175.179582 0.841352 1.755716
1382414308.679476 175.679476 0.842594 1.755912
1382414309.189474 176.189474 0.842106 1.754719
1382414309.689570 176.689571 0.843628 1.753531
1382414310.174627 177.174626 0.842599 1.752198
1382414310.674651 177.674651 0.842131 1.750635
1382414311.174698 178.174698 0.842310 1.751135
1382414311.669539 178.669539 0.842624 1.748843
1382414312.169502 179.169502 0.842307 1.749279
1382414312.674738 179.674738 0.842336 1.748963
1382414313.174783 180.174783 0.842313 1.747329
1382414313.674769 180.674770 0.843393 1.747625
1382414314.179742 181.179742 0.843690 1.744928
1382414314.679804 181.679804 0.844479 1.744255
1382414315.174868 182.174868 0.843105 1.741777
1382414315.669642 182.669642 0.843304 1.742664
1382414316.169652 183.169652 0.844354 1.740558
1382414316.669679 183.669679 0.843692 1.739834
1382414317.169677 184.169676 0.843802 1.738889
1382414317.670010 184.670009 0.844540 1.734812
1382414318.170024 185.170024 0.844538 1.737341
1382414318.669673 185.669673 0.844497 1.736202
1382414319.169762 186.169762 0.844436 1.737443
1382414319.675087 186.675088 0.844888 1.737321
1382414320.175040 187.175040 0.844921 1.737150
1382414320.669787 187.669788 0.844760 1.737005
1382414321.169796 188.169796 0.843937 1.737586
1382414321.674938 188.674938 0.844811 1.737693
1382414322.174979 189.174979 0.844696 1.738468
1382414322.669801 189.669802 0.845429 1.737537
1382414323.179725 190.179726 0.844898 1.739903
1382414323.679722 190.679722 0.843700 1.737107
1382414324.169750 191.169751 0.844407 1.737846
1382414324.669765 191.669764 0.844581 1.737413
1382414325.169816 192.169816 0.844474 1.736826
1382414325.669988 192.669988 0.846170 1.735748
1382414326.170099 193.170099 0.844367 1.735982
1382414326.669943 193.669943 0.844395 1.736543
1382414327.169879 194.169879 0.845107 1.735419
1382414327.669871 194.669870 0.844239 1.736676
1382414328.169833 195.169833 0.844321 1.736090
1382414328.669859 195.669859 0.844116 1.733681
1382414329.169979 196.169979 0.844556 1.733477
1382414329.670058 196.670059 0.843692 1.731914
1382414330.169883 197.169883 0.843286 1.730476
1382414330.669929 197.669928 0.845215 1.730499
1382414331.169911 198.169912 0.844469 1.730418
1382414331.669883 198.669883 0.844510 1.728824
1382414332.169957 199.169957 0.842343 1.728883
1382414332.675056 199.675055 0.843973 1.727216
1382414333.190099 200.190099 0.844305 1.726472
1382414333.685368 200.685368 0.843917 1.725192
1382414334.170314 201.170313 0.842721 1.724932
1382414334.669986 201.669986 0.843061 1.725013
1382414335.169985 202.169985 0.841773 1.723153
1382414335.669981 202.669981 0.842709 1.723112
1382414336.169995 203.169995 0.842836 1.722505
1382414336.670060 203.670061 0.841206 1.720201
1382414337.170082 204.170081 0.842479 1.719645
1382414337.680171 204.680171 0.842762 1.720208
1382414338.180238 205.180239 0.842698 1.722209
1382414338.670210 205.670210 0.841355 1.721608
1382414339.170301 206.170301 0.841615 1.721174
1382414339.670198 206.670198 0.840713 1.719834
1382414340.170073 207.170073 0.840795 1.718184
1382414340.670094 207.670095 0.841952 1.717664
1382414341.170108 208.170108 0.841163 1.717827
1382414341.670094 208.670094 0.841763 1.718590
1382414342.170116 209.170116 0.841850 1.717287
1382414342.670478 209.670478 0.842238 1.714756
1382414343.170485 210.170485 0.842106 1.714733
1382414343.670161 210.670161 0.841556 1.715398
1382414344.170165 211.170165 0.842811 1.714654
1382414344.670142 211.670142 0.841600 1.714998
1382414345.170419 212.170419 0.842233 1.713167
1382414345.670434 212.670434 0.842468 1.712403
1382414346.170208 213.170208 0.841536 1.711383
1382414346.670211 213.670211 0.841623 1.710027
1382414347.170229 214.170230 0.842315 1.710888
1382414347.670252 214.670251 0.840828 1.709425
1382414348.170239 215.170239 0.841796 1.711029
1382414348.670244 215.670244 0.842905 1.711857
1382414349.180250 216.180250 0.842192 1.709752
1382414349.680275 216.680275 0.841344 1.710697
1382414350.170345 217.170345 0.842049 1.711187
1382414350.670290 217.670290 0.841937 1.711485
1382414351.170322 218.170322 0.842129 1.712591
1382414351.670325 218.670324 0.841503 1.712443
1382414352.170410 219.170410 0.840767 1.713677
1382414352.670413 219.670413 0.841375 1.712324
1382414353.170352 220.170352 0.840974 1.712413
1382414353.670355 220.670354 0.840877 1.712155
1382414354.175418 221.175418 0.840836 1.711569
1382414354.685440 221.685440 0.840874 1.709989
1382414355.190392 222.190393 0.840897 1.709504
1382414355.680496 222.680496 0.840897 1.709428
1382414356.171390 223.171390 0.841544 1.710455
1382414356.671304 223.671303 0.841710 1.710292
1382414357.170469 224.170469 0.842001 1.709280
1382414357.670526 224.670525 0.841048 1.708148
1382414358.170643 225.170643 0.840368 1.707445
1382414358.685664 225.685664 0.840609 1.706331
1382414359.185539 226.185539 0.840473 1.704949
1382414359.670539 226.670539 0.840614 1.703167
1382414360.170573 227.170573 0.840734 1.702145
1382414360.670579 227.670580 0.841007 1.701610
1382414361.170525 228.170525 0.840540 1.702007
1382414361.670511 228.670511 0.840016 1.701350
1382414362.170539 229.170539 0.840442 1.700121
1382414362.670616 229.670617 0.841247 1.698856
1382414363.170621 230.170621 0.841730 1.699942
1382414363.670567 230.670567 0.841579 1.697936
1382414364.170944 231.170944 0.841421 1.697388
1382414364.670953 231.670952 0.841753 1.699517
1382414365.170745 232.170745 0.840481 1.698948
1382414365.670729 232.670729 0.841094 1.699300
1382414366.170603 233.170603 0.840739 1.698854
1382414366.670630 233.670630 0.841459 1.696496
1382414367.170679 234.170678 0.840197 1.695642
1382414367.670682 234.670683 0.840358 1.696440
1382414368.170676 235.170677 0.840936 1.695917
1382414368.670845 235.670845 0.840519 1.694041
1382414369.170861 236.170861 0.840463 1.692820
1382414369.670691 236.670691 0.840271 1.693878
1382414370.170748 237.170748 0.840882 1.690788
1382414370.670770 237.670770 0.841554 1.691181
1382414371.170836 238.170837 0.841871 1.691061
1382414371.670989 238.670989 0.840762 1.691331
1382414372.170923 239.170924 0.840752 1.689172
1382414372.670765 239.670765 0.840969 1.690263
1382414373.170778 240.170778 0.839293 1.690199
1382414373.670835 240.670836 0.839017 1.690918
1382414374.170836 241.170836 0.839768 1.691143
1382414374.670795 241.670796 0.839525 1.690312
1382414375.170792 242.170792 0.840798 1.689560
1382414375.670796 242.670797 0.839929 1.691030
1382414376.170819 243.170819 0.839278 1.690360
1382414376.670824 243.670824 0.840859 1.688356
1382414377.170825 244.170826 0.838887 1.688871
1382414377.680896 244.680896 0.839275 1.685274
1382414378.181004 245.181004 0.838966 1.684576
1382414378.671337 245.671337 0.838945 1.684650
1382414379.171282 246.171282 0.838148 1.682284
1382414379.670928 246.670928 0.838302 1.681894
1382414380.170884 247.170884 0.839206 1.679503
1382414380.670892 247.670892 0.840586 1.678647
1382414381.173795 248.173794 0.839533 1.678180
1382414381.673834 248.673834 0.840021 1.678440
1382414382.170976 249.170976 0.839737 1.680273
1382414382.670940 249.670940 0.839375 1.677614
1382414383.171001 250.171001 0.839656 1.678417
1382414383.671012 250.671012 0.839717 1.677005
1382414384.171036 251.171037 0.838864 1.675815
1382414384.671069 251.671069 0.839817 1.674744
1382414385.171024 252.171024 0.839617 1.673775
1382414385.671010 252.671010 0.839709 1.672687
1382414386.171181 253.171181 0.837898 1.672939
1382414386.671181 253.671181 0.838677 1.672373
1382414387.171058 254.171058 0.838790 1.669997
1382414387.671057 254.671057 0.838705 1.669982
1382414388.171088 255.171088 0.839518 1.669505
1382414388.672328 255.672329 0.838644 1.669459
1382414389.172373 256.172373 0.838478 1.668899
1382414389.671156 256.671156 0.838641 1.668241
1382414390.171128 257.171128 0.840215 1.667043
1382414390.671144 257.671143 0.839035 1.664427
1382414391.171555 258.171555 0.839129 1.664810
1382414391.671554 258.671553 0.839270 1.664687
1382414392.171169 259.171168 0.839050 1.664142
1382414392.671228 259.671229 0.838212 1.664127
1382414393.171265 260.171265 0.839755 1.663591
1382414393.671286 260.671286 0.838864 1.662768
1382414394.171224 261.171224 0.839364 1.663408
1382414394.671572 261.671572 0.839622 1.663433
1382414395.171589 262.171589 0.839617 1.662974
1382414395.671253 262.671253 0.838767 1.663877
1382414396.171297 263.171297 0.839645 1.664366
1382414396.671320 263.671320 0.839249 1.663533
1382414397.171438 264.171439 0.838825 1.664517
1382414397.671428 264.671428 0.838659 1.663303
1382414398.171336 265.171336 0.839656 1.664032
1382414398.671376 265.671376 0.839234 1.661812
1382414399.171338 266.171337 0.839132 1.660700
1382414399.671339 266.671339 0.838411 1.663112
1382414400.171335 267.171335 0.839321 1.663252
1382414400.657310 267.657310 0.839178 1.663533
1382414401.143390 268.143390 0.839300 1.662436
1382414401.643394 268.643394 0.838692 1.662136
1382414402.143343 269.143343 0.840054 1.662661
1382414402.643360 269.643360 0.839147 1.661042
1382414403.143391 270.143391 0.839106 1.661011
1382414403.643445 270.643445 0.840138 1.659704
1382414404.143519 271.143520 0.839303 1.659783
1382414404.643546 271.643546 0.839209 1.659120
1382414405.143532 272.143532 0.840363 1.659979
1382414405.643826 272.643827 0.840271 1.660168
1382414406.143816 273.143816 0.840092 1.660637
1382414406.643497 273.643497 0.840144 1.659875
1382414407.143656 274.143656 0.839857 1.659291
1382414407.643659 274.643659 0.840350 1.657998
1382414408.143491 275.143491 0.839806 1.659158
1382414408.643512 275.643511 0.839791 1.659627
1382414409.143505 276.143505 0.839939 1.660428
1382414409.643520 276.643520 0.839405 1.658697
1382414410.143667 277.143668 0.838933 1.660405
1382414410.643677 277.643677 0.839129 1.659704
1382414411.143674 278.143674 0.839702 1.659541
1382414411.643682 278.643681 0.838823 1.660015
1382414412.143645 279.143645 0.838741 1.660058
1382414412.643697 279.643696 0.839610 1.658113
1382414413.143687 280.143686 0.839809 1.659023
1382414413.643652 280.643653 0.838971 1.660321
1382414414.143611 281.143611 0.839742 1.658809
1382414414.643627 281.643627 0.839536 1.659283
1382414415.143635 282.143635 0.839265 1.659630
1382414415.643656 282.643656 0.839137 1.658378
1382414416.143723 283.143723 0.840146 1.659688
1382414416.643764 283.643765 0.839612 1.656902
1382414417.143963 284.143963 0.838105 1.655490
1382414417.643961 284.643962 0.837865 1.656805
1382414418.163731 285.163731 0.838174 1.654988
1382414418.663724 285.663724 0.838051 1.654412
1382414419.143747 286.143747 0.837068 1.655421
1382414419.643800 286.643800 0.837609 1.653604
1382414420.143803 287.143803 0.837040 1.655301
1382414420.643784 287.643784 0.836638 1.655154
1382414421.143835 288.143834 0.837484 1.654501
1382414421.643826 288.643826 0.836953 1.656252
1382414422.143792 289.143793 0.837298 1.656632
1382414422.643800 289.643800 0.836472 1.656994
1382414423.144128 290.144128 0.837719 1.657774
1382414423.649257 290.649257 0.837050 1.657213
1382414424.148978 291.148978 0.837990 1.656372
1382414424.644088 291.644087 0.837098 1.656224
1382414425.144066 292.144066 0.837338 1.655324
1382414425.644187 292.644187 0.837111 1.655992
1382414426.144233 293.144233 0.838092 1.657565
1382414426.643908 293.643907 0.837775 1.658715
1382414427.143866 294.143866 0.838166 1.656354
1382414427.643884 294.643885 0.837213 1.657058
1382414428.143941 295.143941 0.837354 1.656209
1382414428.643947 295.643947 0.837239 1.656426
1382414429.143913 296.143913 0.837737 1.654549
1382414429.643924 296.643924 0.837011 1.654636
1382414430.143958 297.143958 0.836488 1.654957
1382414430.644018 297.644018 0.836756 1.656265
1382414431.144050 298.144050 0.836751 1.656125
1382414431.644012 298.644012 0.837183 1.655865
1382414432.144000 299.143999 0.837063 1.655844
1382414432.644010 299.644010 0.836991 1.655941
1382414433.144007 300.144008 0.837561 1.654432
1382414433.644010 300.644010 0.836529 1.655900
1382414434.144018 301.144018 0.836983 1.657155
1382414434.644024 301.644024 0.836723 1.658197
1382414435.144037 302.144037 0.837453 1.656655
1382414435.644051 302.644051 0.837699 1.657285
1382414436.144202 303.144203 0.837310 1.657593
1382414436.665086 303.665086 0.838273 1.657323
1382414437.165004 304.165004 0.837280 1.657978
1382414437.644068 304.644068 0.837719 1.656650
1382414438.144131 305.144132 0.837203 1.657463
1382414438.645300 305.645300 0.838010 1.657591
1382414439.145375 306.145375 0.836896 1.658159
1382414439.644226 306.644226 0.837515 1.658730
1382414440.144131 307.144132 0.837142 1.659666
1382414440.644149 307.644149 0.837566 1.658868
1382414441.164252 308.164252 0.837722 1.656614
1382414441.664360 308.664359 0.836922 1.657257
1382414442.144295 309.144295 0.837175 1.659135
1382414442.644314 309.644314 0.836166 1.657756
1382414443.144416 310.144416 0.835816 1.657489
1382414443.644332 310.644332 0.837149 1.657634
1382414444.144289 311.144289 0.836723 1.656619
1382414444.644289 311.644288 0.836219 1.657588
1382414445.144269 312.144269 0.836209 1.656171
1382414445.644293 312.644293 0.836156 1.656777
1382414446.144330 313.144329 0.835949 1.655151
1382414446.644314 313.644314 0.837433 1.655171
1382414447.144286 314.144287 0.836986 1.653494
1382414447.644319 314.644319 0.836953 1.653326
1382414448.144336 315.144336 0.837551 1.652711
1382414448.644339 315.644338 0.838302 1.651409
1382414449.144403 316.144403 0.836863 1.652214
1382414449.644423 316.644422 0.836585 1.650160
1382414450.144391 317.144390 0.837374 1.651345
1382414450.654385 317.654385 0.837372 1.650251
1382414451.154440 318.154440 0.835721 1.649846
1382414451.644443 318.644443 0.837839 1.647664
1382414452.164429 319.164429 0.837116 1.647315
1382414452.664430 319.664430 0.837650 1.647906
1382414453.144437 320.144437 0.837264 1.646943
1382414453.644444 320.644443 0.836209 1.646226
1382414454.144439 321.144439 0.837047 1.645602
1382414454.644460 321.644460 0.837765 1.645775
1382414455.144485 322.144485 0.837091 1.644987
1382414455.664635 322.664635 0.836935 1.643917
1382414456.165201 323.165202 0.836787 1.644353
1382414456.645240 323.645239 0.837134 1.642581
1382414457.144685 324.144685 0.836590 1.643427
1382414457.644517 324.644517 0.837006 1.644544
1382414458.144524 325.144524 0.836434 1.642591
1382414458.644544 325.644544 0.836449 1.644447
1382414459.144551 326.144551 0.837589 1.644363
1382414459.644581 326.644581 0.836973 1.644444
1382414460.144578 327.144578 0.837223 1.645120
1382414460.644566 327.644566 0.837346 1.645421
1382414461.144722 328.144722 0.836771 1.644947
1382414461.644726 328.644725 0.837780 1.645168
1382414462.144674 329.144674 0.837732 1.644184
1382414462.644832 329.644832 0.837515 1.645892
1382414463.144888 330.144888 0.838166 1.645156
1382414463.644756 330.644756 0.838069 1.644776
1382414464.144650 331.144651 0.837857 1.645607
1382414464.644677 331.644678 0.837344 1.646155
1382414465.144690 332.144690 0.836483 1.647557
1382414465.644676 332.644677 0.837803 1.647679
1382414466.144751 333.144751 0.838302 1.648694
1382414466.644754 333.644755 0.838205 1.648085
1382414467.154775 334.154776 0.837975 1.648243
1382414467.654944 334.654944 0.838041 1.647277
1382414468.144886 335.144885 0.838373 1.645956
1382414468.644723 335.644724 0.838491 1.646203
1382414469.144894 336.144894 0.837482 1.646660
1382414469.644917 336.644917 0.837515 1.646089
1382414470.144770 337.144770 0.837438 1.646764
1382414470.644773 337.644774 0.837341 1.646779
1382414471.144834 338.144834 0.837573 1.646836
1382414471.644830 338.644831 0.838005 1.647282
1382414472.144794 339.144793 0.835961 1.648860
1382414472.644810 339.644810 0.836955 1.648732
1382414473.144829 340.144829 0.837880 1.650287
1382414473.644850 340.644850 0.836598 1.650919
1382414474.144856 341.144856 0.836792 1.649428
1382414474.644864 341.644864 0.837630 1.649469
1382414475.144874 342.144874 0.836677 1.650407
1382414475.645039 342.645038 0.837770 1.650170
1382414476.145210 343.145210 0.837415 1.651261
1382414476.645107 343.645107 0.838197 1.651105
1382414477.144912 344.144912 0.837676 1.649729
1382414477.644989 344.644989 0.837921 1.648317
1382414478.145067 345.145067 0.837354 1.650463
1382414478.645055 345.645055 0.837596 1.649731
1382414479.144999 346.144999 0.838572 1.650871
1382414479.644959 346.644959 0.838555 1.649979
1382414480.149990 347.149989 0.839065 1.648735
1382414480.650088 347.650087 0.838687 1.650601
1382414481.145159 348.145159 0.838153 1.648674
1382414481.645034 348.645034 0.838434 1.648674
1382414482.145176 349.145176 0.836350 1.649573
1382414482.645312 349.645311 0.837109 1.648987
1382414483.145145 350.145145 0.838005 1.648480
1382414483.645048 350.645048 0.837872 1.648276
1382414484.145068 351.145068 0.837098 1.648444
1382414484.645185 351.645185 0.836618 1.648156
1382414485.145184 352.145184 0.837060 1.646833
1382414485.645073 352.645073 0.837216 1.648391
1382414486.146435 353.146435 0.838667 1.649724
1382414486.645492 353.645491 0.837482 1.649380
1382414487.145505 354.145506 0.838125 1.648837
1382414487.645159 354.645159 0.837926 1.651373
1382414488.145104 355.145104 0.838468 1.653435
1382414488.645236 355.645236 0.838790 1.651149
1382414489.145329 356.145329 0.838815 1.652482
1382414489.645151 356.645151 0.839814 1.651302
1382414490.145294 357.145294 0.838603 1.651261
1382414490.645295 357.645295 0.837750 1.651503
1382414491.145216 358.145217 0.838514 1.651016
1382414491.645291 358.645291 0.839091 1.650777
1382414492.145252 359.145252 0.838473 1.650415
1382414492.645185 359.645184 0.838197 1.650970
1382414493.145227 360.145227 0.839817 1.651623
1382414493.645249 360.645249 0.839183 1.649759
1382414494.145266 361.145266 0.838999 1.650619
1382414494.645329 361.645329 0.838296 1.650657
1382414495.145456 362.145456 0.839050 1.650455
1382414495.645480 362.645481 0.837543 1.650415
1382414496.155423 363.155423 0.838976 1.651003
1382414496.655564 363.655564 0.838475 1.650491
1382414497.145329 364.145329 0.839247 1.650211
1382414497.645300 364.645300 0.839398 1.649800
1382414498.145304 365.145305 0.839589 1.650726
1382414498.645358 365.645357 0.839740 1.649986
1382414499.145370 366.145370 0.838751 1.647498
1382414499.645390 366.645390 0.837931 1.647741
1382414500.145394 367.145394 0.839242 1.647180
1382414500.645394 367.645393 0.838187 1.648039
1382414501.145458 368.145458 0.839124 1.648143
1382414501.645658 368.645658 0.837742 1.649584
1382414502.145667 369.145667 0.839007 1.648995
1382414502.645515 369.645515 0.838371 1.646474
1382414503.145481 370.145481 0.838442 1.647205
1382414630.192363 37.192363 0.797229 1.708480
1382414630.688540 37.688540 0.797835 1.708398
1382414631.198292 38.198291 0.797339 1.709280
1382414631.698247 38.698247 0.797280 1.711113
1382414632.188567 39.188567 0.797712 1.709339
1382414632.708357 39.708357 0.797983 1.708826
1382414633.218035 40.218035 0.797096 1.708158
1382414633.708108 40.708108 0.797589 1.709142
1382414634.218159 41.218160 0.796859 1.709471
1382414634.728114 41.728114 0.795428 1.709336
1382414635.228100 42.228100 0.796018 1.710346
1382414635.728276 42.728276 0.796953 1.710353
1382414636.228279 43.228279 0.795591 1.710919
1382414636.728148 43.728148 0.794794 1.711151
1382414637.228173 44.228173 0.795313 1.710888
1382414637.730604 44.730604 0.795551 1.709759
1382414638.230619 45.230619 0.794782 1.710590
1382414638.718462 45.718462 0.794656 1.708635
1382414639.198508 46.198507 0.794015 1.708311
1382414639.708206 46.708206 0.795852 1.709662
1382414640.228180 47.228180 0.795372 1.708548
1382414640.728238 47.728238 0.795640 1.709341
1382414641.228261 48.228260 0.795530 1.709420
1382414641.708287 48.708287 0.794567 1.709209
1382414642.208288 49.208288 0.796289 1.709726
1382414642.728232 49.728232 0.795926 1.709507
1382414643.228246 50.228247 0.794989 1.709300
1382414643.708420 50.708420 0.795303 1.710835
1382414644.188534 51.188534 0.795096 1.711187
1382414644.688387 51.688388 0.795747 1.710850
1382414645.198365 52.198365 0.795627 1.709693
1382414645.718445 52.718445 0.794472 1.710266
1382414646.208415 53.208415 0.794922 1.710340
1382414646.688349 53.688349 0.793864 1.711391
1382414647.188313 54.188314 0.794501 1.711194
1382414647.688412 54.688413 0.795433 1.710692
1382414648.188545 55.188545 0.795627 1.709813
1382414648.688432 55.688432 0.794976 1.710618
1382414649.188417 56.188417 0.795155 1.710917
1382414649.688555 56.688555 0.794191 1.709759
1382414650.208471 57.208471 0.794059 1.709915
1382414650.728432 57.728432 0.794337 1.712313
1382414651.208529 58.208529 0.795175 1.710537
1382414651.688759 58.688759 0.794092 1.710955
1382414652.208717 59.208717 0.794222 1.711268
1382414652.718559 59.718559 0.793425 1.711003
1382414653.198580 60.198579 0.794102 1.709966
1382414653.688580 60.688580 0.794010 1.710641
1382414654.188718 61.188718 0.794069 1.709675
1382414654.688900 61.688900 0.793997 1.710244
1382414655.188885 62.188885 0.793795 1.710190
1382414655.688714 62.688714 0.794319 1.712930
1382414656.188678 63.188678 0.794179 1.710672
1382414656.688643 63.688642 0.793315 1.710883
1382414657.188546 64.188547 0.794511 1.709308
1382414657.688627 64.688627 0.793706 1.709741
1382414658.188679 65.188679 0.793532 1.710787
1382414658.688616 65.688615 0.794526 1.711564
1382414659.188670 66.188670 0.793982 1.711248
1382414659.688808 66.688808 0.793262 1.712125
1382414660.188720 67.188720 0.793619 1.711110
1382414660.698658 67.698657 0.794516 1.711584
1382414661.199029 68.199030 0.793530 1.711299
1382414661.689122 68.689122 0.794381 1.711444
1382414662.188896 69.188896 0.794787 1.709884
1382414662.688833 69.688833 0.794524 1.713099
1382414663.188839 70.188840 0.794498 1.711368
1382414663.708743 70.708743 0.795058 1.710687
1382414664.208818 71.208818 0.794329 1.712691
1382414664.689049 71.689049 0.793737 1.713065
1382414665.188909 72.188909 0.794207 1.712510
1382414665.688765 72.688764 0.794008 1.711319
1382414666.188745 73.188745 0.794444 1.712138
1382414666.688773 73.688773 0.794363 1.711500
1382414667.188846 74.188846 0.793310 1.711539
1382414667.688845 74.688845 0.794937 1.712140
1382414668.208786 75.208786 0.794457 1.712890
1382414668.718782 75.718783 0.794148 1.712415
1382414669.198857 76.198857 0.794276 1.714414
1382414669.698854 76.698854 0.794493 1.711426
1382414670.218773 77.218773 0.793668 1.712173
1382414670.728805 77.728805 0.794294 1.711250
1382414671.218862 78.218862 0.795226 1.712500
1382414671.718957 78.718958 0.794077 1.712561
1382414672.228917 79.228917 0.793834 1.712887
1382414672.718823 79.718823 0.794082 1.712438
1382414673.208870 80.208871 0.793351 1.711057
1382414673.718801 80.718801 0.794240 1.711370
1382414674.228795 81.228794 0.793995 1.711345
1382414674.708824 81.708824 0.794283 1.709864
1382414675.208834 82.208835 0.793727 1.711388
1382414675.708880 82.708880 0.793987 1.712038
1382414676.199048 83.199048 0.793757 1.710552
1382414676.718961 83.718961 0.793612 1.712189
1382414677.218848 84.218848 0.793279 1.712005
1382414677.719085 84.719085 0.794255 1.712948
1382414678.229079 85.229079 0.795617 1.712907
1382414678.728864 85.728865 0.794363 1.712775
1382414679.228868 86.228868 0.793471 1.712711
1382414679.728892 86.728892 0.794981 1.711768
1382414680.228964 87.228964 0.793997 1.712943
1382414680.729043 87.729044 0.794536 1.712061
1382414681.228978 88.228979 0.794955 1.711424
1382414681.728904 88.728905 0.794396 1.710598
1382414682.228931 89.228931 0.794889 1.710855
1382414682.728929 89.728929 0.794610 1.713542
1382414683.229068 90.229067 0.795362 1.712262
1382414683.729130 90.729129 0.795706 1.713185
1382414684.229009 91.229010 0.795045 1.712194
1382414684.729168 91.729169 0.795962 1.711816
1382414685.229292 92.229293 0.795594 1.713608
1382414685.729072 92.729072 0.795471 1.713496
1382414686.229188 93.229188 0.795553 1.712023
1382414686.729106 93.729106 0.795786 1.712092
1382414687.229039 94.229040 0.794498 1.713461
1382414687.729032 94.729031 0.794472 1.712836
1382414688.232435 95.232435 0.793841 1.712981
1382414688.732514 95.732514 0.794232 1.711003
1382414689.229086 96.229087 0.794856 1.711003
1382414689.729027 96.729027 0.794495 1.711781
1382414690.229038 97.229037 0.794623 1.711602
1382414690.719677 97.719677 0.794639 1.712403
1382414691.219828 98.219828 0.794324 1.711133
1382414691.729069 98.729069 0.794013 1.711347
1382414692.229078 99.229078 0.794059 1.711679
1382414692.729097 99.729097 0.794414 1.711684
1382414693.229101 100.229102 0.795308 1.712900
1382414693.729194 100.729195 0.793829 1.712658
1382414694.229201 101.229201 0.794478 1.711681
1382414694.729684 101.729684 0.793882 1.714582
1382414695.229686 102.229686 0.793887 1.712895
1382414695.729406 102.729406 0.793852 1.712385
1382414696.229480 103.229479 0.794577 1.713552
1382414696.734182 103.734182 0.794033 1.713565
1382414697.234264 104.234264 0.794927 1.713914
1382414697.729342 104.729341 0.795640 1.714404
1382414698.229888 105.229888 0.795451 1.712811
1382414698.729834 105.729834 0.795487 1.713303
1382414699.230444 106.230444 0.796427 1.714442
1382414699.730495 106.730495 0.795880 1.713195
1382414700.229316 107.229316 0.795678 1.713076
1382414700.729403 107.729402 0.795050 1.713693
1382414701.234499 108.234499 0.795637 1.715082
1382414701.734413 108.734413 0.795287 1.713341
1382414702.239351 109.239351 0.795658 1.712869
1382414702.769494 109.769494 0.795872 1.713861
1382414703.259462 110.259462 0.795806 1.712887
1382414703.729307 110.729307 0.794621 1.713017
1382414704.234627 111.234626 0.795471 1.714450
1382414704.734680 111.734680 0.795226 1.713267
1382414705.219347 112.219347 0.795525 1.714179
1382414705.719364 112.719365 0.795479 1.714090
1382414706.224818 113.224818 0.795778 1.713361
1382414706.709781 113.709782 0.795111 1.713917
1382414707.209351 114.209351 0.796463 1.716015
1382414707.724357 114.724357 0.796294 1.716221
1382414708.224390 115.224389 0.795880 1.715123
1382414708.714435 115.714435 0.795303 1.715321
1382414709.199554 116.199555 0.794342 1.716127
1382414709.699701 116.699701 0.794807 1.714796
1382414710.199877 117.199877 0.794110 1.714559
1382414710.690068 117.690068 0.793525 1.714006
1382414711.190290 118.190290 0.793445 1.714501
1382414711.690129 118.690129 0.794401 1.713853
1382414712.189864 119.189864 0.794725 1.714065
1382414712.684783 119.684783 0.792533 1.715798
1382414713.179590 120.179590 0.794406 1.714297
1382414713.679586 120.679587 0.792935 1.714383
1382414714.179646 121.179646 0.793474 1.714154
1382414714.684648 121.684648 0.830155 1.623715
1382414715.189909 122.189909 0.841830 1.618576
1382414715.689974 122.689974 0.841206 1.619096
1382414716.189822 123.189822 0.842333 1.620633
1382414716.690221 123.690221 0.840509 1.620551
1382414717.190279 124.190279 0.841556 1.620222
1382414717.689801 124.689801 0.842108 1.621056
1382414718.189995 125.189995 0.842106 1.620638
1382414718.690034 125.690034 0.841321 1.622002
1382414719.189810 126.189810 0.842614 1.620984
1382414719.689797 126.689797 0.841781 1.620704
1382414720.189691 127.189691 0.840154 1.622348
1382414720.709692 127.709692 0.842118 1.621191
1382414721.209874 128.209874 0.841278 1.620179
1382414721.689893 128.689892 0.840982 1.619679
1382414722.194715 129.194715 0.841929 1.622562
1382414722.689744 129.689743 0.841610 1.620521
1382414723.179791 130.179791 0.842075 1.620204
1382414723.679883 130.679883 0.841416 1.620536
1382414724.179920 131.179920 0.841176 1.620169
1382414724.679824 131.679824 0.841579 1.619348
1382414725.179756 132.179756 0.841699 1.620113
1382414725.679873 132.679873 0.840772 1.620128
1382414726.243491 133.243491 0.840591 1.620594
1382414726.690343 133.690343 0.841127 1.619669
1382414727.190134 134.190134 0.841288 1.618647
1382414727.694866 134.694866 0.842169 1.620082
1382414728.202339 135.202339 0.842231 1.618415
1382414728.697572 135.697572 0.841661 1.619720
1382414729.190401 136.190401 0.841733 1.619205
1382414729.700181 136.700181 0.841620 1.618593
1382414730.194958 137.194958 0.841975 1.618560
1382414730.685010 137.685010 0.841715 1.618897
1382414731.184895 138.184895 0.841722 1.620628
1382414731.694822 138.694822 0.842146 1.619096
1382414732.194833 139.194833 0.841503 1.620031
1382414732.684906 139.684907 0.841756 1.620972
1382414733.184960 140.184960 0.842019 1.619692
1382414733.680044 140.680045 0.841669 1.619475
1382414734.180053 141.180053 0.841043 1.620625
1382414734.680012 141.680012 0.841881 1.617775
1382414735.179982 142.179982 0.841802 1.617599
1382414735.680009 142.680009 0.842261 1.619062
1382414736.180020 143.180019 0.842481 1.618746
1382414736.680192 143.680192 0.842236 1.617079
1382414737.180290 144.180290 0.826974 1.628520
1382414737.680192 144.680192 0.792942 1.714901
1382414738.180130 145.180130 0.793405 1.713499
1382414738.680007 145.680006 0.793139 1.714256
1382414739.179974 146.179974 0.792837 1.714001
1382414739.680198 146.680198 0.793652 1.714080
1382414740.180162 147.180163 0.793341 1.713713
1382414740.680094 147.680094 0.794176 1.713481
1382414741.180210 148.180210 0.794294 1.712964
1382414741.680253 148.680253 0.794189 1.714274
1382414742.180173 149.180173 0.793558 1.715997
1382414742.680085 149.680086 0.793187 1.716769
1382414743.185191 150.185191 0.792022 1.715661
1382414743.695256 150.695256 0.792293 1.716474
1382414744.190204 151.190204 0.792025 1.716137
1382414744.695044 151.695044 0.792533 1.715258
1382414745.195054 152.195054 0.792102 1.715352
1382414745.685170 152.685170 0.791231 1.713710
1382414746.185311 153.185311 0.792521 1.714697
1382414746.680328 153.680328 0.791243 1.714327
1382414747.180274 154.180274 0.792155 1.715334
1382414747.680273 154.680273 0.793267 1.714248
1382414748.180272 155.180272 0.790525 1.714812
1382414748.680237 155.680236 0.791443 1.715143
1382414749.185570 156.185569 0.791200 1.715724
1382414749.685772 156.685773 0.792365 1.714524
1382414750.180527 157.180527 0.792012 1.714564
1382414750.680379 157.680379 0.791394 1.715344
1382414751.180250 158.180251 0.791598 1.715525
1382414751.680280 158.680280 0.791425 1.716005
1382414752.180285 159.180285 0.790201 1.715355
1382414752.680391 159.680391 0.790824 1.714136
1382414753.180451 160.180451 0.791190 1.715230
1382414753.680412 160.680411 0.791494 1.714210
1382414754.180411 161.180411 0.791095 1.715375
1382414754.680290 161.680290 0.791954 1.714210
1382414755.180276 162.180276 0.790658 1.715181
1382414755.680362 162.680362 0.791013 1.715745
1382414756.180379 163.180379 0.790145 1.715671
1382414756.680419 163.680419 0.791524 1.716351
1382414757.183625 164.183625 0.790952 1.713749
1382414757.683748 164.683748 0.790960 1.714615
1382414758.180867 165.180868 0.790865 1.715722
1382414758.680681 165.680681 0.790794 1.715622
1382414759.180372 166.180372 0.791044 1.716739
1382414759.690306 166.690307 0.790975 1.716221
1382414760.190351 167.190351 0.790975 1.716420
1382414760.680523 167.680523 0.790684 1.715423
1382414761.180511 168.180510 0.790865 1.715921
1382414761.680474 168.680474 0.790058 1.715569
1382414762.180517 169.180517 0.790045 1.716071
1382414762.680576 169.680576 0.791343 1.716326
1382414763.180595 170.180595 0.790985 1.715202
1382414763.680552 170.680552 0.789749 1.715413
1382414764.180584 171.180585 0.791317 1.716413
1382414764.680518 171.680518 0.789202 1.717399
1382414765.180498 172.180498 0.789846 1.714921
1382414765.680588 172.680588 0.790523 1.715423
1382414766.180545 173.180545 0.790227 1.715395
1382414766.680432 173.680431 0.789243 1.714225
1382414767.185560 174.185560 0.790122 1.715918
1382414767.685719 174.685719 0.789953 1.714427
1382414768.180631 175.180631 0.788862 1.715513
1382414768.680546 175.680546 0.790004 1.716099
1382414769.180898 176.180898 0.790712 1.715561
1382414769.681131 176.681131 0.790354 1.715783
1382414770.180849 177.180848 0.790878 1.716864
1382414770.680648 177.680648 0.791133 1.717509
1382414771.180595 178.180595 0.792298 1.717417
1382414771.680657 178.680657 0.792380 1.716209
1382414772.180871 179.180871 0.790451 1.715732
1382414772.690792 179.690792 0.789943 1.716025
1382414773.190623 180.190623 0.789892 1.717147
1382414773.680695 180.680695 0.790362 1.716504
1382414774.180729 181.180730 0.790129 1.716854
1382414774.680731 181.680731 0.790163 1.715627
1382414775.180715 182.180715 0.790382 1.716283
1382414775.680794 182.680795 0.756430 1.717200
1382414776.180987 183.180987 0.351496 1.717129
1382414776.681064 183.681064 0.180446 1.716109
1382414777.185905 184.185905 0.314450 1.716713
1382414777.685884 184.685884 1.488743 1.716655
1382414778.180830 185.180830 1.664325 1.717300
1382414778.680718 185.680718 1.664218 1.716861
1382414779.180732 186.180732 1.664890 1.716142
1382414779.690694 186.690693 1.664686 1.718161
1382414780.195856 187.195856 1.663858 1.716497
1382414780.685990 187.685990 1.664190 1.716451
1382414781.185961 188.185961 1.665866 1.717603
1382414781.685955 188.685955 1.665917 1.717425
1382414782.200828 189.200828 1.664946 1.716805
1382414782.700978 189.700978 1.664908 1.716486
1382414783.186197 190.186196 1.664341 1.718416
1382414783.686022 190.686022 1.663825 1.717672
1382414784.180920 191.180920 1.664287 1.719706
1382414784.680885 191.680885 1.665161 1.717052
1382414785.180846 192.180846 1.664895 1.717562
1382414785.680886 192.680886 1.665986 1.716973
1382414786.180907 193.180907 1.667404 1.717210
1382414786.680834 193.680834 1.666017 1.717419
1382414787.180835 194.180835 1.664977 1.717878
1382414787.680924 194.680924 1.666816 1.719053
1382414788.180979 195.180980 1.665976 1.718136
1382414788.680885 195.680885 1.665914 1.719285
1382414789.181071 196.181071 1.666898 1.718760
1382414789.681254 196.681255 1.666354 1.718327
1382414790.181045 197.181045 1.668270 1.719805
1382414790.680908 197.680908 1.668906 1.719321
1382414791.180962 198.180961 1.667488 1.719441
1382414791.685915 198.685916 1.667971 1.717909
1382414792.185994 199.185994 1.667544 1.719800
1382414792.681014 199.681013 1.668543 1.719675
1382414793.180907 200.180907 1.669775 1.719104
1382414793.680958 200.680958 1.668030 1.720195
1382414794.186323 201.186324 1.669573 1.721093
1382414794.686326 201.686326 1.668272 1.721284
1382414795.195946 202.195945 1.669859 1.720318
1382414795.696189 202.696189 1.669792 1.720708
1382414796.186434 203.186434 1.672033 1.721447
1382414796.686208 203.686208 1.672988 1.721590
1382414797.181129 204.181129 1.673571 1.720950
1382414797.686074 204.686074 1.672117 1.721284
1382414798.186088 205.186088 1.672150 1.721103
1382414798.682255 205.682255 1.672741 1.720685
1382414799.182237 206.182237 1.673476 1.720772
1382414799.681565 206.681565 1.673556 1.721338
1382414800.181549 207.181549 1.674013 1.722352
1382414800.681098 207.681099 1.674682 1.723413
1382414801.181100 208.181100 1.674514 1.720698
1382414801.681175 208.681175 1.674434 1.721870
1382414802.181340 209.181340 1.672500 1.720639
1382414802.681348 209.681348 1.673854 1.720751
1382414803.181199 210.181199 1.676910 1.721460
1382414803.681226 210.681226 1.674611 1.721480
1382414804.181263 211.181263 1.672529 1.719913
1382414804.681242 211.681242 1.673923 1.720583
1382414805.181241 212.181240 1.674646 1.721292
1382414805.681291 212.681291 1.675290 1.721309
1382414806.181552 213.181552 1.673732 1.720634
1382414806.681448 213.681449 1.674353 1.720777
1382414807.181204 214.181204 1.678116 1.722699
1382414807.681314 214.681314 1.674531 1.721360
1382414808.181331 215.181331 1.674245 1.722462
1382414808.686332 215.686333 1.677035 1.722421
1382414809.186328 216.186328 1.675594 1.724195
1382414809.681340 216.681340 1.675648 1.723407
1382414810.181360 217.181360 1.675022 1.721845
1382414810.681256 217.681256 1.676261 1.723856
1382414811.181250 218.181250 1.677283 1.723379
1382414811.681369 218.681369 1.676537 1.723706
1382414812.181380 219.181380 1.675954 1.722770
1382414812.681315 219.681316 1.676274 1.722181
1382414813.181323 220.181322 1.675385 1.722291
1382414813.681365 220.681365 1.678300 1.723708
1382414814.181378 221.181378 1.675372 1.723502
1382414814.681340 221.681340 1.673129 1.722722
1382414815.181551 222.181550 1.673849 1.722864
1382414815.681736 222.681736 1.674979 1.722806
1382414816.181577 223.181577 1.677137 1.722862
1382414816.681409 223.681409 1.676287 1.722334
1382414817.181427 224.181426 1.676798 1.722492
1382414817.681491 224.681491 1.677597 1.724379
1382414818.181484 225.181484 1.677457 1.724218
1382414818.681395 225.681395 1.677495 1.724799
1382414819.181410 226.181410 1.676442 1.723892
1382414819.681534 226.681533 1.676322 1.723680
1382414820.181577 227.181577 1.676136 1.723458
1382414820.681473 227.681472 1.676205 1.724493
1382414821.181549 228.181548 1.677232 1.724017
1382414821.681562 228.681562 1.676680 1.724868
1382414822.181691 229.181691 1.678614 1.725888
1382414822.681742 229.681742 1.674879 1.725801
1382414823.181631 230.181631 1.674115 1.724440
1382414823.682731 230.682732 1.675599 1.724091
1382414824.182718 231.182718 1.676611 1.725508
1382414824.681695 231.681695 1.674240 1.724389
1382414825.181712 232.181712 1.676299 1.723591
