1382413724.186945 344.186945 0.816109 0.734695
1382413724.686935 344.686935 0.816336 0.734729
1382413725.186996 345.186996 0.817330 0.734981
1382413725.687013 345.687013 0.816428 0.734894
1382413726.186989 346.186989 0.816545 0.734853
1382413726.686951 346.686952 0.815641 0.734522
1382413727.187147 347.187147 0.815207 0.734716
1382413727.687483 347.687483 0.814956 0.734050
1382413728.187439 348.187439 0.814964 0.734208
1382413728.702101 348.702100 0.816147 0.733566
1382413729.216980 349.216980 0.813807 0.733650
1382413729.702259 349.702259 0.814134 0.732126
1382413730.187323 350.187323 0.814502 0.732455
1382413730.687150 350.687150 0.815281 0.732506
1382413731.187171 351.187171 0.814596 0.732111
1382413731.687298 351.687297 0.813952 0.731945
1382413732.187378 352.187378 0.814190 0.731907
1382413732.687224 352.687224 0.814348 0.732032
1382413733.187163 353.187163 0.815669 0.733808
1382413733.687385 353.687385 0.815659 0.734711
1382413734.187552 354.187553 0.817120 0.734565
1382413734.687341 354.687341 0.818168 0.734435
1382413735.187203 355.187203 0.817537 0.735766
1382413735.687247 355.687247 0.817248 0.734976
1382413736.187347 356.187347 0.815575 0.735274
1382413736.687330 356.687330 0.816134 0.733576
1382413737.192288 357.192288 0.814062 0.732363
1382413737.692297 357.692296 0.813493 0.732733
1382413738.192340 358.192340 0.814456 0.731193
1382413738.692347 358.692347 0.812803 0.730833
1382413739.202260 359.202260 0.811875 0.730015
1382413739.702290 359.702290 0.812276 0.730431
1382413740.200924 360.200925 0.812805 0.730512
1382413740.701134 360.701134 0.812555 0.729982
1382413741.187512 361.187512 0.811804 0.730018
1382413741.687332 361.687332 0.813676 0.731759
1382413742.187907 362.187906 0.815380 0.732455
1382413742.687851 362.687851 0.815935 0.733714
1382413743.187591 363.187591 0.815996 0.734193
1382413743.687638 363.687638 0.817061 0.734688
1382413744.187497 364.187497 0.816556 0.734624
1382413744.687465 364.687465 0.815145 0.733892
1382413745.187605 365.187605 0.815600 0.734397
1382413745.687639 365.687640 0.816607 0.735957
1382413746.187644 366.187645 0.817228 0.736319
1382413746.687851 366.687851 0.818364 0.736776
1382413747.187904 367.187904 0.816913 0.738180
1382413747.688292 367.688292 0.817493 0.738685
1382413748.188401 368.188400 0.820158 0.739371
1382413748.687747 368.687747 0.819930 0.738896
1382413749.202489 369.202489 0.819706 0.739623
1382413749.702477 369.702477 0.820513 0.741137
1382413750.187920 370.187920 0.822406 0.742616
1382413750.687949 370.687949 0.823916 0.744130
1382413751.187726 371.187726 0.824268 0.744709
1382413751.712651 371.712652 0.824966 0.745670
1382413752.212712 372.212712 0.825431 0.746959
1382413752.687785 372.687785 0.825745 0.748183
1382413753.187836 373.187836 0.826808 0.748058
1382413753.687855 373.687855 0.827056 0.747525
1382413754.187691 374.187691 0.826685 0.748270
1382413754.692624 374.692624 0.827728 0.748448
1382413755.192718 375.192718 0.827791 0.748701
1382413755.697782 375.697781 0.829204 0.750151
1382413756.197716 376.197716 0.829845 0.750862
1382413756.697797 376.697797 0.830678 0.750997
1382413757.197804 377.197804 0.829547 0.751262
1382413757.697793 377.697794 0.829935 0.750679
1382413758.197941 378.197941 0.829263 0.750414
1382413758.687896 378.687896 0.829051 0.750018
1382413759.187864 379.187863 0.828504 0.749391
1382413759.688030 379.688030 0.827130 0.747997
1382413760.188094 380.188094 0.825444 0.745853
1382413760.687888 380.687888 0.824314 0.744533
1382413761.187901 381.187901 0.822833 0.743087
1382413761.688009 381.688009 0.821660 0.740569
1382413762.197829 382.197829 0.818198 0.737624
1382413762.697784 382.697784 0.815697 0.735532
1382413763.187983 383.187983 0.813467 0.732870
1382413763.688057 383.688057 0.812941 0.730617
1382413764.192879 384.192879 0.812256 0.730377
1382413764.692848 384.692848 0.811983 0.730622
1382413765.187883 385.187883 0.811827 0.730410
1382413765.687955 385.687955 0.812665 0.730798
1382413766.188228 386.188228 0.812330 0.731106
1382413766.688109 386.688109 0.813610 0.732174
1382413767.187980 387.187980 0.814124 0.732572
1382413767.698000 387.698000 0.815199 0.733711
1382413768.197939 388.197939 0.814841 0.733400
1382413768.687985 388.687986 0.814481 0.732549
1382413769.188109 389.188110 0.814509 0.732386
1382413769.688183 389.688182 0.814711 0.731886
1382413770.188040 390.188041 0.814106 0.732478
1382413770.687959 390.687959 0.812499 0.732241
1382413771.188129 391.188129 0.814343 0.731728
1382413771.688169 391.688169 0.814956 0.731369
1382413772.188129 392.188129 0.814468 0.731297
1382413772.688261 392.688261 0.813991 0.732302
1382413773.198153 393.198152 0.814841 0.732503
1382413773.698060 393.698060 0.814898 0.733227
1382413774.188176 394.188176 0.815421 0.733803
1382413774.688137 394.688137 0.816017 0.733997
1382413775.188082 395.188082 0.815260 0.732289
1382413775.688153 395.688153 0.817061 0.732592
1382413776.188225 396.188225 0.816566 0.733301
1382413776.688124 396.688124 0.815858 0.733179
1382413777.188221 397.188221 0.815559 0.733513
1382413777.688274 397.688274 0.816119 0.733541
1382413778.188201 398.188202 0.815048 0.732439
1382413778.688171 398.688171 0.814898 0.732126
1382413779.188340 399.188340 0.815082 0.731249
1382413779.688509 399.688510 0.814111 0.731155
1382413780.188373 400.188373 0.814540 0.732131
1382413780.688248 400.688248 0.814420 0.731993
1382413781.188263 401.188263 0.815038 0.731114
1382413781.688354 401.688354 0.815051 0.731705
1382413782.188371 402.188372 0.815978 0.732049
1382413782.688286 402.688286 0.814990 0.730494
1382413783.188293 403.188293 0.814560 0.730097
1382413783.688799 403.688799 0.814870 0.730711
1382413784.188738 404.188738 0.815186 0.730550
1382413784.688297 404.688296 0.814573 0.730107
1382413785.188445 405.188445 0.814011 0.731139
1382413785.688689 405.688689 0.814742 0.731402
1382413786.188516 406.188516 0.815043 0.731328
1382413786.688272 406.688271 0.815094 0.730981
1382413787.193282 407.193282 0.815536 0.732174
1382413787.698261 407.698262 0.817251 0.732911
1382413788.193424 408.193425 0.816625 0.732982
1382413788.698474 408.698474 0.817317 0.733383
1382413789.198478 409.198478 0.816040 0.733362
1382413789.698602 409.698603 0.816926 0.733026
1382413790.198603 410.198604 0.817003 0.733217
1382413790.698663 410.698663 0.816418 0.733291
1382413791.198612 411.198612 0.817578 0.733553
1382413791.688492 411.688492 0.816842 0.734629
1382413792.188643 412.188643 0.816226 0.734586
1382413792.688575 412.688575 0.816479 0.733502
1382413793.188554 413.188553 0.814788 0.732957
1382413793.688675 413.688675 0.814734 0.731267
1382413794.188585 414.188585 0.813876 0.731101
1382413794.688537 414.688537 0.814389 0.731313
1382413795.188592 415.188592 0.813191 0.730596
1382413795.688697 415.688697 0.814900 0.731616
1382413796.188572 416.188573 0.815350 0.732391
1382413796.688524 416.688523 0.817889 0.734193
1382413797.188566 417.188566 0.818602 0.734469
1382413797.688637 417.688637 0.818017 0.734757
1382413798.188808 418.188808 0.818405 0.734239
1382413798.689010 418.689010 0.817585 0.734010
1382413799.188847 419.188847 0.817664 0.734272
1382413799.688615 419.688614 0.816650 0.733003
1382413800.188792 420.188792 0.816384 0.733041
1382413800.688767 420.688767 0.815593 0.732042
1382413801.188867 421.188867 0.815202 0.731249
1382413801.689010 421.689010 0.814946 0.730489
1382413802.188754 422.188753 0.813891 0.728965
1382413802.688637 422.688637 0.812108 0.728233
1382413803.188694 423.188694 0.811012 0.726161
1382413803.688749 423.688749 0.809050 0.725638
1382413804.188881 424.188881 0.809574 0.724672
1382413804.688836 424.688836 0.808667 0.723367
1382413805.193786 425.193786 0.806965 0.722235
1382413805.693895 425.693895 0.807190 0.721919
1382413806.198920 426.198919 0.807236 0.720981
1382413806.698870 426.698871 0.808434 0.721384
1382413807.198929 427.198929 0.806986 0.720971
1382413807.699000 427.699000 0.807596 0.721338
1382413808.198956 428.198957 0.806531 0.721073
1382413808.698868 428.698868 0.807637 0.722133
1382413809.188875 429.188876 0.808079 0.722128
1382413809.688939 429.688939 0.807185 0.722577
1382413810.188981 430.188981 0.807987 0.723716
1382413810.688988 430.688989 0.809678 0.723744
1382413811.188972 431.188972 0.809701 0.724053
1382413811.694104 431.694104 0.810677 0.725212
1382413812.194062 432.194062 0.811755 0.725467
1382413812.688903 432.688903 0.812711 0.727104
1382413813.188939 433.188939 0.813682 0.727881
1382413813.689034 433.689034 0.813332 0.728162
1382413814.189105 434.189104 0.813771 0.729788
1382413814.689006 434.689005 0.815294 0.730071
1382413815.188957 435.188958 0.816050 0.730798
1382413815.689080 435.689080 0.817100 0.731522
1382413816.189162 436.189162 0.817618 0.733477
1382413816.689111 436.689111 0.818952 0.734739
1382413817.188978 437.188978 0.820528 0.735011
1382413817.698985 437.698985 0.819974 0.734899
1382413818.199248 438.199248 0.820618 0.734339
1382413818.689271 438.689271 0.819642 0.734504
1382413819.189114 439.189114 0.818301 0.734774
1382413819.689233 439.689233 0.819716 0.734440
1382413820.189255 440.189254 0.819925 0.735521
1382413820.699176 440.699176 0.820577 0.736544
1382413821.199153 441.199153 0.820947 0.738152
1382413821.689224 441.689224 0.822002 0.738713
1382413822.189183 442.189183 0.823413 0.740143
1382413822.684178 442.684178 0.824422 0.741751
1382413823.184239 443.184239 0.827148 0.743472
1382413823.689287 443.689287 0.828083 0.745106
1382413824.189354 444.189355 0.829858 0.746327
1382413824.689321 444.689321 0.830709 0.748535
1382413825.189277 445.189277 0.831700 0.750039
1382413825.694217 445.694217 0.833688 0.751540
1382413826.194425 446.194425 0.833941 0.752359
1382413826.689491 446.689491 0.835343 0.752234
1382413827.199215 447.199215 0.835834 0.752670
1382413827.699272 447.699273 0.835632 0.753531
1382413828.184278 448.184279 0.835898 0.754146
1382413828.694225 448.694225 0.836835 0.754859
1382413829.194268 449.194267 0.838532 0.755736
1382413829.684331 449.684331 0.837193 0.755925
1382413830.189344 450.189344 0.838669 0.756259
1382413830.694247 450.694248 0.838810 0.756865
1382413831.194529 451.194529 0.839012 0.756868
1382413831.689607 451.689607 0.840649 0.756771
1382413832.189329 452.189330 0.839684 0.757992
1382413832.689305 452.689305 0.840907 0.757363
1382413833.189277 453.189277 0.840854 0.758999
1382413833.689391 453.689391 0.841523 0.759216
1382413834.184410 454.184410 0.841924 0.758158
1382413834.679411 454.679411 0.841352 0.757908
1382413835.179502 455.179502 0.841725 0.758469
1382413835.679498 455.679498 0.842282 0.758403
1382413836.184619 456.184620 0.843557 0.758673
1382413836.689604 456.689604 0.841296 0.758005
1382413837.189495 457.189495 0.839523 0.758061
1382413837.689625 457.689624 0.841061 0.758313
1382413838.194590 458.194590 0.841245 0.758048
1382413838.694442 458.694442 0.842466 0.759017
1382413839.199504 459.199504 0.843002 0.758630
1382413839.694504 459.694504 0.842571 0.759178
1382413840.189564 460.189565 0.842606 0.759670
1382413840.689647 460.689647 0.843835 0.759557
1382413841.179575 461.179575 0.842941 0.760353
1382413841.679613 461.679613 0.844017 0.760738
1382413842.179615 462.179614 0.844413 0.761135
1382413842.679526 462.679525 0.844507 0.761739
1382413843.184501 463.184501 0.845984 0.762723
1382413843.689476 463.689477 0.847297 0.763177
1382413844.189697 464.189697 0.847596 0.764166
1382413844.689715 464.689715 0.848222 0.764709
1382413845.184582 465.184582 0.848480 0.765619
1382413845.679722 465.679722 0.850071 0.766147
1382413846.179682 466.179682 0.850309 0.767307
1382413846.679630 466.679630 0.849440 0.766812
1382413847.179681 467.179681 0.851124 0.766585
1382413847.679718 467.679719 0.850079 0.766881
1382413848.179699 468.179700 0.851315 0.766802
1382413848.679656 468.679655 0.852659 0.767562
1382413849.179697 469.179697 0.851134 0.767508
1382413849.684706 469.684706 0.851198 0.766506
1382413850.189765 470.189765 0.850158 0.766504
1382413850.684882 470.684882 0.850393 0.765474
1382413851.179842 471.179842 0.850608 0.765454
1382413851.679807 471.679807 0.850728 0.766032
1382413852.179822 472.179822 0.850787 0.766208
1382413852.680166 472.680166 0.849267 0.765257
1382413853.180134 473.180134 0.849479 0.765487
1382413853.679889 473.679889 0.848096 0.764633
1382413854.179893 474.179893 0.846569 0.764069
1382413854.684723 474.684723 0.846597 0.763537
1382413855.184728 475.184728 0.846433 0.763707
1382413855.689877 475.689877 0.847082 0.763764
1382413856.190070 476.190071 0.846658 0.763111
1382413856.690217 476.690217 0.846799 0.764510
1382413857.190105 477.190105 0.847920 0.764442
1382413857.690073 477.690073 0.847072 0.764363
1382413858.190407 478.190407 0.848168 0.764610
1382413858.695258 478.695258 0.849006 0.765209
1382413859.194947 479.194947 0.847534 0.764875
1382413859.679942 479.679942 0.848163 0.765856
1382413860.190069 480.190070 0.849650 0.766356
1382413860.690093 480.690093 0.851119 0.766731
1382413861.180067 481.180067 0.850112 0.767192
1382413861.680094 481.680094 0.850472 0.767210
1382413862.180049 482.180049 0.851280 0.767720
1382413862.680034 482.680035 0.851990 0.767664
1382413863.180039 483.180039 0.852639 0.768319
1382413863.690133 483.690132 0.852110 0.768349
1382413864.195220 484.195220 0.851867 0.767926
1382413864.685100 484.685100 0.852825 0.768788
1382413865.180023 485.180023 0.852376 0.769435
1382413865.680166 485.680165 0.853735 0.769882
1382413866.180160 486.180160 0.854131 0.770228
1382413866.680115 486.680115 0.854427 0.770929
1382413867.180110 487.180110 0.854782 0.771154
1382413867.680172 487.680172 0.854312 0.771556
1382413868.180191 488.180191 0.854491 0.772153
1382413868.680063 488.680063 0.854969 0.771916
1382413869.210059 489.210059 0.855546 0.772377
1382413869.715103 489.715104 0.855510 0.773315
1382413870.190393 490.190394 0.855089 0.773659
1382413870.690404 490.690404 0.857110 0.774776
1382413871.190160 491.190160 0.857311 0.773642
1382413871.690107 491.690107 0.856456 0.773833
1382413872.190274 492.190274 0.856103 0.773027
1382413872.695314 492.695315 0.856356 0.773749
1382413873.195279 493.195279 0.856777 0.772966
1382413873.690290 493.690290 0.857728 0.774144
1382413874.190329 494.190329 0.857355 0.774868
1382413874.690357 494.690357 0.857513 0.776015
1382413875.190346 495.190346 0.859700 0.777246
1382413875.690319 495.690319 0.860648 0.778332
1382413876.190248 496.190249 0.860597 0.779092
1382413876.690423 496.690424 0.861496 0.780384
1382413877.195648 497.195648 0.862929 0.780634
1382413877.695488 497.695488 0.863093 0.782612
1382413878.190409 498.190409 0.864508 0.782915
1382413878.690462 498.690462 0.865653 0.784047
1382413879.190473 499.190472 0.866915 0.783601
1382413879.690451 499.690452 0.866600 0.783889
1382413880.190459 500.190460 0.865701 0.783650
1382413880.690603 500.690602 0.865481 0.784654
1382413881.190572 501.190571 0.865548 0.784261
1382413881.705479 501.705479 0.866230 0.783940
1382413882.205365 502.205365 0.865499 0.783907
1382413882.690389 502.690389 0.866291 0.783130
1382413883.190749 503.190749 0.866871 0.784256
1382413883.690753 503.690753 0.865405 0.784496
1382413884.190408 504.190408 0.866031 0.783856
1382413884.690453 504.690453 0.866345 0.784593
1382413885.190417 505.190417 0.867658 0.784549
1382413885.690428 505.690428 0.868539 0.785526
1382413886.190490 506.190490 0.869896 0.786405
1382413886.690459 506.690460 0.869893 0.787167
1382413887.190465 507.190465 0.869572 0.786833
1382413887.695467 507.695467 0.870215 0.786201
1382413888.195609 508.195609 0.869888 0.786237
1382413888.695653 508.695654 0.869784 0.785271
1382413889.195494 509.195494 0.867464 0.783907
1382413889.700599 509.700599 0.866603 0.783270
1382413890.200814 510.200813 0.866503 0.782678
1382413890.700899 510.700899 0.866394 0.782541
1382413891.200891 511.200890 0.866026 0.782490
1382413891.700730 511.700730 0.866462 0.782533
1382413892.200669 512.200669 0.866299 0.783428
1382413892.690613 512.690612 0.866245 0.783132
1382413893.190703 513.190704 0.867341 0.783288
1382413893.690689 513.690688 0.869073 0.784042
1382413894.190749 514.190749 0.868889 0.784934
1382413894.700819 514.700820 0.869314 0.785036
1382413895.200807 515.200807 0.870404 0.785987
1382413895.690754 515.690754 0.870264 0.786370
1382413896.190835 516.190835 0.870629 0.787246
1382413896.690947 516.690947 0.871293 0.787932
1382413897.190987 517.190987 0.871904 0.789181
1382413897.690853 517.690853 0.873373 0.789648
1382413898.190804 518.190804 0.873823 0.789485
1382413898.690813 518.690812 0.874331 0.790056
1382413899.190813 519.190812 0.874880 0.790425
1382413899.690822 519.690822 0.873879 0.790583
1382413900.190822 520.190822 0.873393 0.790917
1382413900.690855 520.690855 0.874599 0.792085
1382413901.190960 521.190960 0.875000 0.792329
1382413901.690947 521.690947 0.875933 0.791707
1382413902.190917 522.190917 0.875258 0.791789
1382413902.691054 522.691054 0.874375 0.792375
1382413903.196043 523.196043 0.875813 0.793053
1382413903.695916 523.695916 0.874957 0.794167
1382413904.191008 524.191008 0.876513 0.794879
1382413904.690969 524.690969 0.876717 0.795794
1382413905.191181 525.191181 0.878153 0.795488
1382413905.691225 525.691225 0.878283 0.796230
1382413906.200947 526.200947 0.879096 0.796635
1382413906.700934 526.700934 0.878557 0.796632
1382413907.200941 527.200941 0.879073 0.796824
1382413907.700990 527.700990 0.876715 0.796992
1382413908.201576 528.201575 0.879277 0.796457
1382413908.701607 528.701607 0.878314 0.796722
1382413909.201166 529.201167 0.878373 0.797344
1382413909.701193 529.701193 0.880253 0.797178
1382413910.191079 530.191079 0.880156 0.798412
1382413910.691122 530.691122 0.880399 0.799110
1382413911.191155 531.191155 0.880697 0.799694
1382413911.691135 531.691136 0.881727 0.799546
1382413912.190989 532.190990 0.882585 0.799860
1382413912.691022 532.691022 0.882077 0.801050
1382413913.191072 533.191073 0.881788 0.801820
1382413913.691078 533.691079 0.884915 0.802327
1382413914.191056 534.191056 0.885917 0.802269
1382413914.691085 534.691085 0.885518 0.803380
1382413915.191191 535.191191 0.886287 0.803994
1382413915.691346 535.691346 0.887841 0.805241
1382413916.191524 536.191524 0.886985 0.805126
1382413916.691394 536.691394 0.886290 0.804986
1382413917.191263 537.191263 0.886441 0.805662
1382413917.691222 537.691223 0.887227 0.805654
1382413918.201107 538.201107 0.887171 0.805840
1382413918.701118 538.701118 0.888242 0.806732
1382413919.191300 539.191300 0.890712 0.807224
1382413919.691304 539.691304 0.890855 0.808155
1382413920.192517 540.192517 0.890354 0.808876
1382413920.692586 540.692586 0.891210 0.809335
1382413921.191273 541.191273 0.892028 0.808710
1382413921.691238 541.691238 0.892168 0.808777
1382413922.191451 542.191450 0.891782 0.810372
1382413922.691627 542.691626 0.892038 0.811124
1382413923.191547 543.191547 0.894340 0.812440
1382413923.691381 543.691381 0.894049 0.814191
1382413924.191408 544.191408 0.895024 0.815275
1382413924.691412 544.691412 0.895658 0.816580
1382413925.191360 545.191360 0.897086 0.816669
1382413925.691329 545.691329 0.897717 0.817681
1382413926.191451 546.191450 0.897531 0.817898
1382413926.696439 546.696438 0.897114 0.817798
1382413927.196463 547.196463 0.899935 0.817982
1382413927.691484 547.691484 0.899253 0.817541
1382413928.191432 548.191432 0.898530 0.818568
1382413928.691529 548.691529 0.898338 0.819425
1382413929.191689 549.191689 0.900062 0.819414
1382413929.691606 549.691605 0.900114 0.820633
1382413930.191750 550.191749 0.901135 0.821102
1382413930.691787 550.691787 0.902073 0.821936
1382413931.191418 551.191418 0.902464 0.822478
1382413931.691433 551.691434 0.903805 0.824110
1382413932.191566 552.191566 0.904163 0.825476
1382413932.691539 552.691539 0.904262 0.825726
1382413933.191645 553.191646 0.906809 0.827141
1382413933.691667 553.691666 0.908736 0.828382
1382413934.191565 554.191565 0.910085 0.829428
1382413934.691617 554.691617 0.911032 0.829986
1382413935.191580 555.191579 0.910843 0.831265
1382413935.701627 555.701628 0.911587 0.831525
1382413936.201685 556.201685 0.912731 0.832548
1382413936.691650 556.691651 0.914515 0.834103
1382413937.191736 557.191737 0.915940 0.835619
1382413937.691702 557.691702 0.915971 0.837628
1382413938.191805 558.191805 0.916129 0.838446
1382413938.691862 558.691862 0.917915 0.840012
1382413939.221616 559.221616 0.919542 0.842199
1382413939.721627 559.721627 0.921701 0.843165
1382413940.206655 560.206654 0.922077 0.843891
1382413940.706697 560.706697 0.921852 0.844850
1382413941.201834 561.201834 0.924131 0.845084
1382413941.701931 561.701931 0.923791 0.845541
1382413942.201918 562.201918 0.925242 0.846665
1382413942.701833 562.701834 0.925732 0.848067
1382413943.191845 563.191846 0.928085 0.849841
1382413943.691851 563.691851 0.929268 0.851901
1382413944.191844 564.191844 0.930395 0.854366
1382413944.691972 564.691972 0.933264 0.856518
1382413945.191982 565.191982 0.936033 0.858977
1382413945.692023 565.692022 0.936935 0.860413
1382413946.191941 566.191940 0.938892 0.862707
1382413946.691834 566.691834 0.941265 0.863255
1382413947.191919 567.191919 0.941424 0.863785
1382413947.691860 567.691861 0.941689 0.865078
1382413948.206848 568.206848 0.942721 0.867168
1382413948.716941 568.716941 0.945077 0.868440
1382413949.206796 569.206796 0.945634 0.869620
1382413949.696842 569.696842 0.948010 0.870166
1382413950.191836 570.191836 0.947473 0.871726
1382413950.691856 570.691856 0.947570 0.872248
1382413951.192039 571.192039 0.947185 0.872534
1382413951.691993 571.691993 0.947049 0.872955
1382413952.196851 572.196852 0.945575 0.871422
1382413952.696951 572.696951 0.946048 0.871086
1382413953.192111 573.192111 0.945550 0.871004
1382413953.692089 573.692089 0.945067 0.870099
1382413954.192067 574.192067 0.945741 0.869758
1382413954.692211 574.692212 0.944602 0.869959
1382413955.192381 575.192381 0.943807 0.869689
1382413955.697197 575.697197 0.945136 0.868560
1382413956.197054 576.197054 0.945248 0.869393
1382413956.692180 576.692180 0.945892 0.870831
1382413957.192286 577.192287 0.946502 0.873128
1382413957.697385 577.697385 0.949721 0.875499
1382413958.197303 578.197303 0.952634 0.877620
1382413958.702431 578.702431 0.954833 0.879955
1382413959.202439 579.202439 0.955143 0.881711
1382413959.712276 579.712276 0.956098 0.883674
1382413960.212331 580.212331 0.958170 0.883990
1382413960.692244 580.692244 0.958842 0.885494
1382413961.192465 581.192465 0.959386 0.884711
1382413961.692437 581.692437 0.960975 0.886248
1382413962.192210 582.192211 0.962125 0.886276
1382413962.692180 582.692181 0.963062 0.887352
1382413963.192122 583.192123 0.963601 0.888800
1382413963.692171 583.692171 0.963811 0.890393
1382413964.192144 584.192144 0.964981 0.892986
1382413964.692194 584.692193 0.967955 0.895892
1382413965.202219 585.202219 0.970060 0.896975
1382413965.702195 585.702196 0.971886 0.898548
1382413966.192301 586.192300 0.972793 0.900180
1382413966.692262 586.692263 0.974142 0.901067
1382413967.192277 587.192277 0.974349 0.901816
1382413967.692491 587.692491 0.974257 0.901625
1382413968.192506 588.192506 0.974538 0.901722
1382413968.692769 588.692768 0.974321 0.903267
1382413969.193121 589.193121 0.976822 0.905049
1382413969.692729 589.692730 0.979157 0.906683
1382413970.192379 590.192380 0.982228 0.909563
1382413970.702441 590.702441 0.985960 0.913904
1382413971.202364 591.202364 0.987524 0.916731
1382413971.692382 591.692382 0.990375 0.919956
1382413972.192580 592.192580 0.992871 0.921544
1382413972.692711 592.692711 0.993300 0.922360
1382413973.192477 593.192477 0.994225 0.923418
1382413973.692538 593.692538 0.995719 0.924789
1382413974.192465 594.192464 0.995674 0.925309
1382413974.692452 594.692452 0.997940 0.927866
1382413975.192552 595.192552 0.999324 0.930581
1382413975.692546 595.692546 1.001777 0.932659
1382413976.192497 596.192497 1.004250 0.934519
1382413976.692477 596.692478 1.005264 0.935797
1382413977.192542 597.192542 1.006355 0.936826
1382413977.692584 597.692583 1.007423 0.939580
1382413978.192432 598.192432 1.008511 0.941071
1382413978.692421 598.692421 1.009832 0.942333
1382413979.192430 599.192430 1.013117 0.943911
1382413979.692455 599.692455 1.014448 0.946952
1382413980.192641 600.192640 1.015350 0.948683
1382413980.692622 600.692622 1.018232 0.951543
1382413981.192643 601.192643 1.022299 0.954161
1382413981.692933 601.692933 1.023507 0.955349
1382413982.192945 602.192945 1.024568 0.957299
1382413982.702736 602.702736 1.025863 0.957421
1382413983.202657 603.202657 1.028183 0.959596
1382413983.692666 603.692666 1.027092 0.959960
1382413984.192683 604.192684 1.028586 0.962071
1382413984.692658 604.692658 1.028709 0.962071
1382413985.192668 605.192668 1.031031 0.964008
1382413985.692648 605.692648 1.031256 0.965436
1382413986.192663 606.192663 1.033548 0.967893
1382413986.692692 606.692692 1.035525 0.969382
1382413987.192883 607.192883 1.036496 0.970705
1382413987.693077 607.693076 1.038294 0.972104
1382413988.203169 608.203169 1.038200 0.972813
1382413988.708164 608.708165 1.039786 0.974085
1382413989.197859 609.197859 1.041437 0.975021
1382413989.697869 609.697869 1.042732 0.976667
1382413990.197956 610.197956 1.043534 0.977820
1382413990.702990 610.702990 1.043994 0.979168
1382413991.213027 611.213028 1.045624 0.980178
1382413991.712906 611.712906 1.046996 0.981771
1382413992.202913 612.202913 1.048253 0.983280
1382413992.703042 612.703042 1.049175 0.985105
1382413993.202892 613.202892 1.050013 0.986813
1382413993.692828 613.692828 1.052611 0.988014
1382413994.202938 614.202938 1.054218 0.990838
1382413994.702873 614.702873 1.056939 0.992839
1382413995.192904 615.192904 1.060234 0.995855
1382413995.692900 615.692901 1.061243 0.997996
1382413996.192801 616.192801 1.062268 1.000530
1382413996.692791 616.692791 1.065518 1.002439
1382413997.192842 617.192842 1.066049 1.004418
1382413997.692930 617.692931 1.067487 1.004994
1382413998.192916 618.192916 1.070019 1.007826
1382413998.692866 618.692866 1.069835 1.008925
1382413999.193033 619.193033 1.072487 1.011815
1382413999.703066 619.703066 1.075972 1.014668
1382414000.203089 620.203089 1.079413 1.018076
1382414000.693094 620.693094 1.081853 1.022058
1382414001.192954 621.192953 1.082752 1.023870
1382414001.693031 621.693031 1.085455 1.027730
1382414002.194761 622.194760 1.088232 1.029614
1382414002.694737 622.694737 1.091075 1.033139
1382414003.193195 623.193195 1.092263 1.034047
1382414003.693112 623.693112 1.093037 1.035176
1382414004.193187 624.193188 1.094611 1.037916
1382414004.693345 624.693344 1.096003 1.038217
1382414005.195268 625.195268 1.097066 1.039453
1382414005.695246 625.695246 1.097952 1.040121
1382414006.193388 626.193389 1.098803 1.043150
1382414006.693485 626.693485 1.100520 1.044598
1382414007.198471 627.198471 1.102239 1.045903
1382414007.698302 627.698301 1.105024 1.048258
1382414008.203355 628.203355 1.107671 1.050812
1382414008.703355 628.703355 1.110233 1.053107
1382414009.203296 629.203297 1.111661 1.054815
1382414009.703341 629.703341 1.113064 1.056285
1382414010.203415 630.203416 1.114047 1.057101
1382414010.703372 630.703372 1.116012 1.060288
1382414011.193375 631.193375 1.115394 1.061493
1382414011.693465 631.693465 1.117409 1.062697
1382414012.193440 632.193440 1.118889 1.065169
1382414012.693334 632.693334 1.119504 1.067489
1382414013.193417 633.193416 1.124200 1.068731
1382414013.693492 633.693492 1.124997 1.071629
1382414014.193472 634.193472 1.126921 1.073110
1382414014.693428 634.693428 1.127789 1.075249
1382414015.193398 635.193398 1.129404 1.076230
1382414015.693418 635.693418 1.129654 1.077038
1382414016.193476 636.193476 1.131067 1.078899
1382414016.693466 636.693466 1.132715 1.080956
1382414017.193491 637.193491 1.135773 1.084882
1382414017.693542 637.693542 1.139053 1.088046
1382414018.193546 638.193546 1.141424 1.092168
1382414018.693513 638.693513 1.145532 1.095504
1382414019.193438 639.193438 1.147550 1.097551
1382414019.693638 639.693638 1.151106 1.101136
1382414020.193618 640.193618 1.152767 1.102000
1382414020.693647 640.693648 1.153352 1.103063
1382414021.193518 641.193518 1.152982 1.104256
1382414021.693563 641.693563 1.154226 1.105245
1382414022.193566 642.193565 1.156620 1.108429
1382414022.693571 642.693571 1.159744 1.114009
1382414023.193678 643.193678 1.164023 1.117478
1382414023.693674 643.693674 1.166634 1.119288
1382414024.193478 644.193478 1.167217 1.121549
1382414024.693444 644.693443 1.171059 1.123866
1382414025.193563 645.193563 1.171488 1.125238
1382414025.693575 645.693575 1.172840 1.127280
1382414026.194057 646.194057 1.174842 1.128608
1382414026.694129 646.694129 1.177246 1.131165
1382414027.193568 647.193568 1.175969 1.133097
1382414027.693569 647.693569 1.177783 1.133089
1382414028.193686 648.193686 1.178470 1.134022
1382414028.693654 648.693654 1.181904 1.136882
1382414029.193665 649.193665 1.183771 1.141188
1382414029.693711 649.693711 1.188150 1.144612
1382414030.193733 650.193733 1.190449 1.150006
1382414030.693699 650.693699 1.195894 1.155351
1382414031.193603 651.193603 1.199904 1.160161
1382414031.693937 651.693937 1.202296 1.164401
1382414032.193960 652.193960 1.207546 1.168329
1382414032.693750 652.693750 1.210187 1.172030
1382414033.194056 653.194055 1.212635 1.173710
1382414033.693946 653.693946 1.215690 1.178018
1382414034.193819 654.193819 1.219829 1.181832
1382414034.693842 654.693842 1.223135 1.186451
1382414035.193795 655.193795 1.224788 1.189829
1382414035.693812 655.693812 1.229652 1.196281
1382414036.193729 656.193730 1.236455 1.201267
1382414036.693714 656.693714 1.239424 1.205891
1382414037.193715 657.193715 1.242236 1.208142
1382414037.693791 657.693791 1.245775 1.211629
1382414038.193990 658.193990 1.246503 1.214826
1382414038.693965 658.693965 1.250450 1.219029
1382414039.194074 659.194074 1.253717 1.224270
1382414039.694092 659.694092 1.257979 1.228525
1382414040.205379 660.205380 1.262915 1.233713
1382414040.705376 660.705376 1.265681 1.236076
1382414041.198920 661.198920 1.268484 1.238237
1382414041.698920 661.698920 1.272702 1.241985
1382414042.203892 662.203893 1.274498 1.246040
1382414042.703892 662.703892 1.277929 1.248363
1382414043.204048 663.204049 1.279375 1.251592
1382414043.704078 663.704078 1.280621 1.253920
1382414044.194002 664.194002 1.283575 1.255962
1382414044.693966 664.693966 1.284349 1.258457
1382414045.193823 665.193823 1.288104 1.262279
1382414045.693927 665.693927 1.289361 1.264637
1382414046.193995 666.193995 1.291132 1.267272
1382414046.693898 666.693898 1.294248 1.270334
1382414047.193856 667.193857 1.295485 1.272863
1382414047.693939 667.693940 1.297996 1.276913
1382414048.194123 668.194123 1.300712 1.278476
1382414048.694078 668.694078 1.303269 1.282305
1382414049.194033 669.194034 1.307548 1.287237
1382414049.694100 669.694100 1.311761 1.289975
1382414050.204096 670.204096 1.313240 1.293269
1382414050.703988 670.703988 1.316301 1.298438
1382414051.194039 671.194039 1.323240 1.303458
1382414051.694092 671.694092 1.327113 1.308949
1382414052.194179 672.194179 1.331221 1.313236
1382414052.694185 672.694186 1.332230 1.317126
1382414053.194056 673.194055 1.337357 1.321187
1382414053.694076 673.694076 1.342247 1.326166
1382414054.194082 674.194081 1.347075 1.332562
1382414054.694086 674.694086 1.352108 1.338045
1382414055.194278 675.194279 1.355894 1.342756
1382414055.694364 675.694364 1.359576 1.347528
1382414056.209265 676.209265 1.364121 1.351762
1382414056.714132 676.714131 1.367856 1.355629
1382414057.199270 677.199270 1.371143 1.359975
1382414057.709218 677.709218 1.373131 1.363417
1382414058.209166 678.209166 1.376789 1.365879
1382414058.699519 678.699520 1.380639 1.370363
1382414059.199688 679.199689 1.383462 1.373440
1382414059.709522 679.709522 1.385373 1.375709
1382414060.209366 680.209366 1.387146 1.376922
1382414060.699327 680.699328 1.388947 1.381684
1382414061.199516 681.199516 1.393055 1.386497
1382414061.694386 681.694386 1.395263 1.388378
1382414062.194395 682.194395 1.397800 1.390084
1382414062.694412 682.694413 1.398349 1.392151
1382414063.194261 683.194261 1.399769 1.392773
1382414063.694237 683.694237 1.400840 1.393438
1382414064.194369 684.194369 1.401185 1.393594
1382414064.694392 684.694392 1.399391 1.394409
1382414065.194572 685.194572 1.399519 1.394764
1382414065.694580 685.694580 1.401435 1.395065
1382414066.194356 686.194356 1.399506 1.394963
1382414066.694387 686.694387 1.400436 1.394935
1382414067.194355 687.194355 1.399762 1.394980
1382414067.694398 687.694398 1.399373 1.396564
1382414068.194510 688.194509 1.397904 1.395439
1382414068.694484 688.694483 1.400234 1.396054
1382414069.194483 689.194483 1.399920 1.395908
1382414069.689618 689.689618 1.399330 1.396905
1382414070.189693 690.189694 1.398615 1.396546
1382414070.694544 690.694543 1.398270 1.394891
1382414071.194400 691.194400 1.399269 1.394991
1382414071.694432 691.694432 1.398129 1.394685
1382414072.194476 692.194476 1.399698 1.395755
1382414072.694500 692.694500 1.397917 1.395559
1382414073.194472 693.194472 1.397713 1.394891
1382414073.694786 693.694786 1.398896 1.394815
1382414074.194782 694.194783 1.397741 1.394708
1382414074.694470 694.694470 1.399529 1.394749
1382414075.194617 695.194617 1.395707 1.394718
1382414075.689735 695.689735 1.397743 1.394170
1382414076.189677 696.189676 1.396249 1.394532
1382414076.689636 696.689637 1.400104 1.395582
1382414077.189641 697.189641 1.399238 1.394756
1382414077.694553 697.694553 1.399961 1.394585
1382414078.195156 698.195156 1.400027 1.394731
1382414078.695167 698.695167 1.399141 1.395434
1382414079.199534 699.199534 1.398196 1.395799
1382414079.699603 699.699603 1.398967 1.393250
1382414080.194772 700.194773 1.397828 1.393053
1382414080.699770 700.699770 1.397498 1.394274
1382414081.199668 701.199669 1.398239 1.392893
1382414081.694633 701.694632 1.396318 1.391577
1382414082.194720 702.194720 1.396561 1.389314
1382414082.689827 702.689827 1.394335 1.389398
1382414083.189768 703.189768 1.394139 1.387430
1382414083.694723 703.694723 1.392677 1.386849
1382414084.194794 704.194795 1.391443 1.384271
1382414084.694848 704.694847 1.391436 1.383185
1382414085.194789 705.194789 1.391357 1.383685
1382414085.694729 705.694729 1.390685 1.381541
1382414086.194833 706.194833 1.388539 1.380629
1382414086.694888 706.694888 1.386914 1.378661
1382414087.194788 707.194787 1.386467 1.377098
1382414087.690007 707.690007 1.386681 1.375263
1382414088.190163 708.190163 1.386393 1.373358
1382414088.695008 708.695008 1.383687 1.372204
1382414089.194860 709.194861 1.382972 1.370501
1382414089.695017 709.695017 1.380200 1.369575
1382414090.195028 710.195028 1.379388 1.368474
1382414090.694896 710.694896 1.379722 1.366315
1382414091.195288 711.195288 1.376074 1.363345
1382414091.705274 711.705274 1.375257 1.361163
1382414092.199963 712.199963 1.373747 1.359863
1382414092.690017 712.690017 1.372426 1.359669
1382414093.205341 713.205341 1.373936 1.359573