1382412938.489877 154.489877 1.680507 0.715470
1382412938.979882 154.979883 1.679204 0.716015
1382412939.479855 155.479854 1.678057 0.716584
1382412939.979939 155.979939 1.678341 0.716775
1382412940.480023 156.480024 1.680185 0.717394
1382412940.979974 156.979974 1.680103 0.717014
1382412941.480539 157.480539 1.680430 0.716918
1382412941.980489 157.980489 1.680665 0.716813
1382412942.480069 158.480069 1.680681 0.717274
1382412942.980000 158.980000 1.680390 0.716777
1382412943.480034 159.480034 1.680806 0.716798
1382412943.980006 159.980006 1.679935 0.716392
1382412944.480086 160.480086 1.679437 0.716097
1382412944.980138 160.980137 1.679838 0.716311
1382412945.480093 161.480092 1.680484 0.716255
1382412945.980077 161.980076 1.681061 0.716140
1382412946.480151 162.480151 1.682152 0.716770
1382412946.980204 162.980204 1.681861 0.717226
1382412947.495190 163.495191 1.680640 0.717534
1382412947.995236 163.995236 1.681460 0.717917
1382412948.490324 164.490324 1.679787 0.718098
1382412948.990334 164.990334 1.680538 0.717195
1382412949.480406 165.480406 1.680303 0.716780
1382412949.980392 165.980393 1.680075 0.717002
1382412950.480304 166.480304 1.681588 0.716469
1382412950.980299 166.980299 1.683575 0.716670
1382412951.480222 167.480222 1.685826 0.717060
1382412951.980271 167.980271 1.684776 0.717093
1382412952.480395 168.480395 1.684779 0.717223
1382412952.980387 168.980388 1.683195 0.717443
1382412953.480277 169.480277 1.683792 0.717170
1382412953.980286 169.980286 1.682702 0.716861
1382412954.480595 170.480595 1.680957 0.717165
1382412954.980623 170.980623 1.681342 0.717562
1382412955.480452 171.480452 1.681309 0.717014
1382412955.980500 171.980500 1.681061 0.717529
1382412956.480486 172.480486 1.680929 0.717522
1382412956.980471 172.980471 1.682398 0.717251
1382412957.480508 173.480508 1.681365 0.716989
1382412957.980514 173.980514 1.681181 0.717323
1382412958.480498 174.480497 1.684033 0.717104
1382412958.980524 174.980523 1.682615 0.717805
1382412959.480499 175.480499 1.684252 0.717914
1382412959.980560 175.980559 1.684096 0.718516
1382412960.480612 176.480612 1.684671 0.718003
1382412960.980692 176.980692 1.685233 0.718557
1382412961.480681 177.480682 1.684845 0.717998
1382412961.980620 177.980620 1.685200 0.718704
1382412962.480664 178.480665 1.683361 0.718891
1382412962.980656 178.980656 1.683407 0.719140
1382412963.480576 179.480576 1.682260 0.720402
1382412963.980579 179.980579 1.684669 0.720203
1382412964.495600 180.495600 1.682004 0.721562
1382412964.995644 180.995644 1.684038 0.722199
1382412965.480687 181.480687 1.683578 0.722457
1382412965.980681 181.980681 1.682977 0.723948
1382412966.480733 182.480733 1.683838 0.724670
1382412966.980755 182.980755 1.683552 0.726393
1382412967.480905 183.480905 1.684436 0.728075
1382412967.980923 183.980924 1.683665 0.728042
1382412968.480844 184.480845 1.684050 0.727907
1382412968.980877 184.980878 1.684365 0.728083
1382412969.490782 185.490782 1.684273 0.726416
1382412970.010750 186.010750 1.682500 0.727170
1382412970.500836 186.500836 1.683943 0.728045
1382412970.980914 186.980914 1.685537 0.728809
1382412971.480844 187.480844 1.685072 0.728580
1382412971.981234 187.981233 1.686311 0.729128
1382412972.481351 188.481351 1.685823 0.729143
1382412972.980949 188.980949 1.683946 0.728779
1382412973.490904 189.490904 1.685060 0.728470
1382412973.991030 189.991030 1.684988 0.728297
1382412974.480992 190.480992 1.686375 0.728144
1382412974.980979 190.980979 1.686733 0.729069
1382412975.480969 191.480970 1.685065 0.728034
1382412975.980992 191.980992 1.684556 0.729564
1382412976.481083 192.481083 1.687671 0.730548
1382412976.981181 192.981182 1.686564 0.730530
1382412977.481384 193.481383 1.686023 0.730201
1382412977.981445 193.981444 1.685826 0.730556
1382412978.486160 194.486160 1.684091 0.729546
1382412978.986114 194.986114 1.683478 0.729793
1382412979.496119 195.496119 1.684551 0.730255
1382412979.996455 195.996455 1.684919 0.730224
1382412980.486504 196.486504 1.684099 0.731769
1382412980.986185 196.986185 1.683974 0.731369
1382412981.481132 197.481132 1.682313 0.731137
1382412981.981143 197.981143 1.682063 0.730647
1382412982.481209 198.481209 1.683031 0.729220
1382412982.981234 198.981234 1.684485 0.728947
1382412983.481229 199.481228 1.683790 0.727915
1382412983.981260 199.981260 1.684122 0.728626
1382412984.481251 200.481252 1.687149 0.728618
1382412984.981258 200.981259 1.687566 0.729184
1382412985.486219 201.486219 1.688130 0.729617
1382412985.986275 201.986275 1.687387 0.730410
1382412986.496420 202.496420 1.687962 0.730729
1382412986.996528 202.996528 1.688935 0.731412
1382412987.486584 203.486584 1.689283 0.732263
1382412987.986557 203.986556 1.689436 0.732388
1382412988.481487 204.481487 1.688805 0.732646
1382412988.981427 204.981427 1.688432 0.732172
1382412989.496527 205.496527 1.690884 0.732401
1382412989.996586 205.996586 1.688843 0.732914
1382412990.491427 206.491427 1.687962 0.732284
1382412990.991447 206.991447 1.688401 0.731649
1382412991.481457 207.481457 1.688700 0.732654
1382412991.981464 207.981464 1.687369 0.731963
1382412992.481695 208.481695 1.686258 0.732192
1382412992.981938 208.981938 1.686225 0.731738
1382412993.481729 209.481729 1.686539 0.731527
1382412993.981575 209.981574 1.688613 0.731828
1382412994.481600 210.481600 1.687354 0.732404
1382412994.981605 210.981605 1.687760 0.731499
1382412995.491555 211.491555 1.687045 0.731356
1382412995.991539 211.991539 1.686692 0.731208
1382412996.481621 212.481620 1.687650 0.732363
1382412996.981642 212.981642 1.689014 0.731305
1382412997.481594 213.481594 1.688148 0.732098
1382412997.981621 213.981621 1.688396 0.731800
1382412998.481755 214.481755 1.688023 0.733120
1382412998.983037 214.983037 1.687367 0.733637
1382412999.482970 215.482971 1.686669 0.733100
1382412999.981875 215.981875 1.687699 0.733293
1382413000.481962 216.481962 1.690223 0.733650
1382413000.981829 216.981829 1.688583 0.733620
1382413001.481723 217.481723 1.689949 0.733199
1382413001.981770 217.981770 1.689467 0.733841
1382413002.481889 218.481889 1.689824 0.734137
1382413002.981867 218.981867 1.689086 0.734028
1382413003.482964 219.482964 1.686940 0.734642
1382413003.983060 219.983060 1.687165 0.735503
1382413004.481947 220.481948 1.686902 0.735924
1382413004.981944 220.981944 1.685624 0.735473
1382413005.482193 221.482193 1.686559 0.735611
1382413005.982220 221.982221 1.688008 0.735929
1382413006.482071 222.482071 1.688404 0.735231
1382413006.981949 222.981949 1.688312 0.734570
1382413007.481926 223.481926 1.687441 0.734624
1382413007.981962 223.981962 1.687785 0.733523
1382413008.482019 224.482019 1.688409 0.733729
1382413008.982019 224.982019 1.686886 0.733199
1382413009.482014 225.482015 1.689150 0.733497
1382413009.982079 225.982079 1.689142 0.733762
1382413010.482103 226.482103 1.687576 0.733156
1382413010.982075 226.982075 1.687607 0.733745
1382413011.482146 227.482146 1.689288 0.733808
1382413011.982207 227.982207 1.687844 0.733584
1382413012.482199 228.482200 1.687216 0.734226
1382413012.982146 228.982146 1.688470 0.733543
1382413013.482497 229.482498 1.689242 0.733304
1382413013.982537 229.982537 1.687865 0.733418
1382413014.482244 230.482244 1.687160 0.733553
1382413014.982219 230.982218 1.687926 0.734224
1382413015.482135 231.482135 1.688600 0.734275
1382413015.982156 231.982155 1.687479 0.734583
1382413016.482232 232.482232 1.688705 0.735014
1382413016.982253 232.982253 1.686424 0.735562
1382413017.482194 233.482194 1.687952 0.734813
1382413017.982370 233.982370 1.687022 0.735340
1382413018.482652 234.482653 1.688161 0.735032
1382413018.982568 234.982568 1.689254 0.735338
1382413019.482554 235.482554 1.687839 0.734805
1382413019.992474 235.992473 1.688169 0.734904
1382413020.492431 236.492431 1.689117 0.734706
1382413020.982437 236.982437 1.687055 0.735271
1382413021.482360 237.482360 1.687719 0.734897
1382413021.982339 237.982339 1.689472 0.734802
1382413022.482481 238.482481 1.690149 0.735402
1382413022.982552 238.982551 1.690161 0.734851
1382413023.482439 239.482439 1.690856 0.735381
1382413023.982462 239.982462 1.688217 0.735083
1382413024.482734 240.482734 1.689477 0.735167
1382413024.982704 240.982704 1.688835 0.735233
1382413025.497504 241.497503 1.690123 0.735218
1382413025.997558 241.997558 1.690325 0.736482
1382413026.482543 242.482542 1.689911 0.736001
1382413026.982511 242.982511 1.690115 0.736572
1382413027.482516 243.482516 1.690468 0.737910
1382413027.982646 243.982645 1.690187 0.737222
1382413028.482745 244.482746 1.690596 0.737120
1382413028.992683 244.992684 1.689942 0.737953
1382413029.492641 245.492641 1.691045 0.738188
1382413029.997702 245.997702 1.689505 0.738160
1382413030.497906 246.497906 1.690516 0.737958
1382413030.988179 246.988179 1.690494 0.737979
1382413031.488044 247.488043 1.689139 0.737910
1382413031.982696 247.982695 1.690989 0.738800
1382413032.482790 248.482790 1.692034 0.739572
1382413032.982816 248.982815 1.691268 0.739761
1382413033.482765 249.482765 1.690062 0.739546
1382413033.982754 249.982753 1.690235 0.740546
1382413034.482832 250.482832 1.688662 0.741265
1382413034.987938 250.987938 1.690905 0.740543
1382413035.487904 251.487904 1.690527 0.741672
1382413035.992831 251.992831 1.691403 0.742083
1382413036.492922 252.492922 1.690711 0.742730
1382413036.997912 252.997912 1.691965 0.743046
1382413037.497987 253.497986 1.691939 0.743332
1382413037.988863 253.988864 1.690368 0.743533
1382413038.489187 254.489187 1.690361 0.743459
1382413038.983413 254.983413 1.690713 0.743388
1382413039.482988 255.482988 1.689553 0.743985
1382413039.999066 255.999066 1.690391 0.744441
1382413040.499149 256.499148 1.690570 0.744619
1382413040.993092 256.993092 1.690057 0.744726
1382413041.492996 257.492997 1.689967 0.744589
1382413041.983000 257.983000 1.690695 0.744665
1382413042.483128 258.483128 1.690330 0.745652
1382413042.983118 258.983118 1.691370 0.746661
1382413043.483165 259.483164 1.689298 0.747515
1382413043.983248 259.983248 1.690708 0.747943
1382413044.483213 260.483213 1.691117 0.748061
1382413044.983202 260.983202 1.690910 0.748211
1382413045.483119 261.483118 1.691319 0.748920
1382413045.983091 261.983091 1.692047 0.748978
1382413046.483205 262.483205 1.691922 0.748851
1382413046.983267 262.983267 1.692302 0.749101
1382413047.483152 263.483152 1.692507 0.749091
1382413047.983153 263.983153 1.690907 0.749746
1382413048.483336 264.483337 1.693166 0.750368
1382413048.983370 264.983370 1.693937 0.751265
1382413049.483223 265.483223 1.693385 0.751691
1382413049.983365 265.983365 1.692387 0.751127
1382413050.483694 266.483694 1.695580 0.751438
1382413050.983650 266.983650 1.694042 0.750350
1382413051.483300 267.483300 1.692852 0.751041
1382413051.983344 267.983343 1.693845 0.750959
1382413052.483427 268.483427 1.693041 0.750080
1382413052.983509 268.983509 1.691756 0.748948
1382413053.484616 269.484616 1.692895 0.748614
1382413053.984685 269.984685 1.692535 0.748808
1382413054.483573 270.483574 1.693559 0.748894
1382413054.983435 270.983435 1.694034 0.748542
1382413055.483413 271.483413 1.692701 0.748504
1382413055.983463 271.983463 1.692890 0.747084
1382413056.483640 272.483640 1.693638 0.747632
1382413056.983670 272.983670 1.692542 0.747469
1382413057.483520 273.483520 1.693894 0.747719
1382413057.983504 273.983504 1.693488 0.747915
1382413058.483555 274.483555 1.694223 0.748066
1382413058.983569 274.983569 1.696009 0.749060
1382413059.483521 275.483521 1.693196 0.749187
1382413059.983605 275.983605 1.693015 0.749771
1382413060.483732 276.483731 1.694834 0.749664
1382413060.983707 276.983707 1.693092 0.749789
1382413061.483598 277.483598 1.692989 0.749970
1382413061.988717 277.988717 1.693396 0.750138
1382413062.489010 278.489010 1.693056 0.751573
1382413062.983924 278.983924 1.692287 0.750658
1382413063.483718 279.483719 1.692885 0.751762
1382413063.983723 279.983723 1.693035 0.752091
1382413064.483792 280.483792 1.691380 0.752552
1382413064.983785 280.983786 1.691784 0.752399
1382413065.483691 281.483691 1.694019 0.752958
1382413065.988857 281.988857 1.692256 0.753699
1382413066.489034 282.489034 1.692134 0.754383
1382413066.983952 282.983951 1.691597 0.755096
1382413067.483789 283.483790 1.693293 0.755818
1382413067.983770 283.983770 1.691633 0.756753
1382413068.483911 284.483911 1.690744 0.756707
1382413068.984526 284.984526 1.692072 0.757375
1382413069.484445 285.484445 1.692951 0.758061
1382413069.983874 285.983874 1.690953 0.758688
1382413070.483944 286.483944 1.691911 0.758808
1382413070.984007 286.984007 1.692816 0.759532
1382413071.483898 287.483898 1.691919 0.760060
1382413071.983908 287.983909 1.691850 0.760151
1382413072.484041 288.484041 1.690205 0.759789
1382413072.984040 288.984040 1.689392 0.760552
1382413073.483934 289.483935 1.691452 0.761528
1382413073.983933 289.983934 1.689502 0.761566
1382413074.484397 290.484397 1.689214 0.763315
1382413074.984443 290.984443 1.689336 0.763855
1382413075.484065 291.484065 1.691030 0.764839
1382413075.994133 291.994133 1.692652 0.765571
1382413076.494198 292.494198 1.691423 0.765930
1382413076.984205 292.984205 1.694129 0.767439
1382413077.484121 293.484121 1.692662 0.767437
1382413077.984148 293.984148 1.693815 0.768005
1382413078.489208 294.489208 1.693689 0.768344
1382413078.989162 294.989163 1.693370 0.768362
1382413079.494143 295.494143 1.694566 0.768928
1382413079.994519 295.994519 1.694617 0.769395
1382413080.494634 296.494634 1.695194 0.768862
1382413080.994299 296.994300 1.693569 0.768431
1382413081.494350 297.494350 1.695455 0.769374
1382413081.994528 297.994528 1.693089 0.769642
1382413082.484417 298.484417 1.693122 0.769272
1382413082.984347 298.984347 1.695077 0.769558
1382413083.484339 299.484339 1.693945 0.768966
1382413083.984359 299.984359 1.693899 0.769481
1382413084.484372 300.484372 1.693051 0.769907
1382413084.994435 300.994434 1.694126 0.769614
1382413085.499366 301.499365 1.693884 0.769514
1382413085.989360 301.989360 1.693148 0.769362
1382413086.489430 302.489430 1.696088 0.770024
1382413086.989444 302.989444 1.694860 0.770453
1382413087.494572 303.494572 1.696048 0.771067
1382413087.994553 303.994552 1.694313 0.771727
1382413088.494555 304.494555 1.695537 0.772645
1382413088.994586 304.994586 1.694946 0.773435
1382413089.484513 305.484512 1.695442 0.773537
1382413089.984522 305.984522 1.693830 0.774478
1382413090.484555 306.484555 1.696170 0.775541
1382413090.984615 306.984615 1.695125 0.775775
1382413091.484560 307.484560 1.695989 0.776502
1382413091.984544 307.984544 1.694198 0.777050
1382413092.484594 308.484594 1.696040 0.777195
1382413092.984651 308.984651 1.695577 0.777618
1382413093.484614 309.484614 1.694696 0.777233
1382413093.984584 309.984584 1.695871 0.777756
1382413094.484724 310.484723 1.695879 0.778154
1382413094.984813 310.984813 1.696952 0.778653
1382413095.484690 311.484690 1.692977 0.778057
1382413095.984705 311.984705 1.694525 0.777899
1382413096.484776 312.484776 1.694024 0.777435
1382413096.984724 312.984723 1.695107 0.777037
1382413097.484718 313.484718 1.695470 0.777475
1382413097.984737 313.984737 1.695511 0.778123
1382413098.484828 314.484828 1.696132 0.778421
1382413098.984895 314.984895 1.696778 0.777980
1382413099.484768 315.484768 1.694757 0.777672
1382413099.984743 315.984743 1.696239 0.777924
1382413100.484833 316.484833 1.697458 0.777909
1382413100.984947 316.984948 1.696615 0.779051
1382413101.485129 317.485129 1.693393 0.779209
1382413101.984992 317.984992 1.695902 0.779737
1382413102.484896 318.484897 1.695641 0.780563
1382413102.984937 318.984937 1.695519 0.781669
1382413103.486089 319.486090 1.694571 0.781506
1382413103.986167 319.986168 1.696648 0.783203
1382413104.485046 320.485046 1.695869 0.783308
1382413104.985022 320.985022 1.695654 0.784233
1382413105.484980 321.484980 1.696055 0.784506
1382413105.984983 321.984983 1.696436 0.784662
1382413106.485047 322.485047 1.696584 0.785072
1382413106.985097 322.985097 1.695064 0.785880
1382413107.485204 323.485204 1.694234 0.786334
1382413107.985252 323.985252 1.693919 0.786892
1382413108.485141 324.485141 1.694906 0.787415
1382413108.985142 324.985143 1.694073 0.787695
1382413109.485121 325.485120 1.694269 0.788243
1382413109.995111 325.995111 1.695194 0.789648
1382413110.510081 326.510081 1.695777 0.789551
1382413111.000143 327.000143 1.694969 0.789477
1382413111.485196 327.485196 1.695774 0.791083
1382413111.985158 327.985159 1.695082 0.791718
1382413112.485252 328.485252 1.695902 0.792867
1382413112.985312 328.985312 1.695774 0.793489
1382413113.485397 329.485397 1.695728 0.794838
1382413113.985492 329.985492 1.696267 0.795075
1382413114.485402 330.485402 1.696385 0.795485
1382413114.985338 330.985338 1.696518 0.795942
1382413115.495301 331.495300 1.695879 0.796796
1382413115.995291 331.995290 1.696842 0.797334
1382413116.485310 332.485310 1.697373 0.797861
1382413116.985357 332.985357 1.695950 0.797721
1382413117.485357 333.485357 1.696262 0.798975
1382413117.985322 333.985322 1.695884 0.798741
1382413118.485389 334.485389 1.696793 0.798065
1382413118.985428 334.985427 1.695580 0.798914
1382413119.485362 335.485362 1.695828 0.799256
1382413119.985522 335.985521 1.694883 0.799345
1382413120.485789 336.485788 1.693733 0.800311
1382413120.985698 336.985698 1.694967 0.801048
1382413121.485480 337.485480 1.694218 0.801216
1382413121.985453 337.985453 1.695365 0.801667
1382413122.485514 338.485514 1.696484 0.802539
1382413122.985572 338.985572 1.695542 0.803288
1382413123.485516 339.485515 1.694466 0.803571
1382413123.985487 339.985487 1.694203 0.804927
1382413124.495524 340.495525 1.694898 0.805256
1382413124.995585 340.995585 1.694443 0.805323
1382413125.485574 341.485573 1.695603 0.805649
1382413125.985566 341.985566 1.694244 0.805779
1382413126.485715 342.485716 1.695501 0.805759
1382413126.985921 342.985921 1.695192 0.805228
1382413127.485719 343.485720 1.693700 0.806309
1382413127.985647 343.985647 1.693562 0.807535
1382413128.485756 344.485756 1.693429 0.807510
1382413128.990866 344.990866 1.693416 0.807668
1382413129.490836 345.490836 1.693416 0.808224
1382413129.995756 345.995756 1.694285 0.808848
1382413130.495822 346.495822 1.694962 0.808942
1382413130.996001 346.996001 1.694208 0.809190
1382413131.495906 347.495906 1.694448 0.810536
1382413132.000922 348.000922 1.694474 0.811627
1382413132.501205 348.501205 1.694939 0.812259
1382413133.011077 349.011077 1.695146 0.812718
1382413133.510870 349.510870 1.694571 0.814336
1382413134.005951 350.005952 1.693332 0.815425
1382413134.505991 350.505991 1.694349 0.817056
1382413134.985876 350.985876 1.692703 0.818295
1382413135.485863 351.485863 1.695268 0.819445
1382413135.990910 351.990910 1.696408 0.821204
1382413136.490963 352.490963 1.693986 0.822626
1382413136.995998 352.995998 1.696362 0.823898
1382413137.496034 353.496034 1.695672 0.826205
1382413137.996151 353.996152 1.696668 0.826715
1382413138.496129 354.496128 1.695789 0.828117
1382413138.996150 354.996150 1.694957 0.829698
1382413139.496387 355.496387 1.695089 0.831492
1382413139.986232 355.986232 1.695151 0.832025
1382413140.486089 356.486089 1.695100 0.833580
1382413140.986077 356.986077 1.694839 0.833527
1382413141.486067 357.486066 1.694530 0.833269
1382413141.986098 357.986098 1.696543 0.832400
1382413142.486105 358.486105 1.694734 0.832479
1382413142.986109 358.986109 1.694683 0.831798
1382413143.486089 359.486089 1.693015 0.832917
1382413143.986108 359.986108 1.695038 0.833649
1382413144.486196 360.486196 1.694262 0.834855
1382413144.986197 360.986197 1.693362 0.836224
1382413145.486443 361.486443 1.693559 0.837157
1382413145.986608 361.986608 1.691750 0.838505
1382413146.486368 362.486368 1.693107 0.839102
1382413147.001255 363.001255 1.692325 0.841299
1382413147.501232 363.501232 1.692146 0.841832
1382413147.986261 363.986261 1.693421 0.842749
1382413148.486320 364.486320 1.692594 0.842844
1382413148.986311 364.986311 1.693587 0.843088
1382413149.486260 365.486261 1.693621 0.843914
1382413149.986311 365.986311 1.692397 0.844322
1382413150.486395 366.486395 1.693385 0.845253
1382413150.986401 366.986400 1.693896 0.846094
1382413151.486425 367.486425 1.695156 0.845933
1382413151.986458 367.986457 1.694412 0.847825
1382413152.486567 368.486567 1.695519 0.847131
1382413152.986498 368.986498 1.695268 0.848386
1382413153.491391 369.491391 1.694287 0.849329
1382413153.991406 369.991406 1.694573 0.850682
1382413154.486576 370.486576 1.694635 0.852013
1382413154.986602 370.986602 1.680200 0.850096
1382413155.486512 371.486513 1.675122 0.850920
1382413155.986534 371.986534 1.676031 0.852750
1382413156.486592 372.486592 1.673939 0.853410
1382413156.986609 372.986610 1.673101 0.854499
1382413157.486557 373.486556 1.671846 0.855261
1382413157.986561 373.986560 1.671913 0.854810
1382413158.487320 374.487320 1.672950 0.856020
1382413158.987389 374.987389 1.670794 0.856184
1382413159.486619 375.486618 1.671839 0.857170
1382413159.986616 375.986616 1.672396 0.858465
1382413160.486715 376.486715 1.672736 0.859676
1382413160.986712 376.986711 1.673476 0.861562
1382413161.486656 377.486657 1.672255 0.862205
1382413161.986672 377.986672 1.670727 0.862396
1382413162.486732 378.486732 1.672237 0.863194
1382413162.986857 378.986858 1.672661 0.863173
1382413163.486810 379.486811 1.671969 0.863553
1382413163.996758 379.996758 1.672896 0.863604
1382413164.497055 380.497055 1.673655 0.864728
1382413164.987283 380.987284 1.674069 0.865264
1382413165.486973 381.486972 1.672919 0.864407
1382413165.986961 381.986961 1.673443 0.865320
1382413166.491934 382.491934 1.673740 0.865646
1382413166.991903 382.991903 1.671890 0.866732
1382413167.486959 383.486958 1.673888 0.865942
1382413167.986969 383.986969 1.671956 0.865633
1382413168.487054 384.487054 1.674417 0.866490
1382413168.986973 384.986973 1.674470 0.867380
1382413169.496936 385.496936 1.673834 0.868603
1382413169.997044 385.997044 1.673977 0.870071
1382413170.487077 386.487076 1.673906 0.871647
1382413170.987138 386.987138 1.672013 0.872131
1382413171.487349 387.487348 1.672557 0.871948
1382413171.987325 387.987325 1.673344 0.874571
1382413172.487145 388.487146 1.672937 0.874821
1382413172.987141 388.987141 1.673740 0.877173
1382413173.487195 389.487195 1.672572 0.877757
1382413173.987595 389.987595 1.671445 0.877581
1382413174.487579 390.487579 1.672996 0.878140
1382413174.987256 390.987256 1.673285 0.878326
1382413175.487216 391.487217 1.675367 0.878843
1382413175.987215 391.987215 1.675714 0.879646
1382413176.487300 392.487301 1.675224 0.880345
1382413176.987358 392.987358 1.673839 0.880918
1382413177.487431 393.487431 1.674774 0.881706
1382413177.987572 393.987572 1.673819 0.881836
1382413178.487529 394.487529 1.674547 0.883587
1382413178.987396 394.987396 1.673377 0.884176
1382413179.492703 395.492703 1.672736 0.886779
1382413179.992748 395.992749 1.675124 0.888351
1382413180.497499 396.497499 1.673952 0.890291
1382413180.997488 396.997488 1.675318 0.891543
1382413181.497587 397.497588 1.675487 0.892846
1382413181.997636 397.997636 1.674133 0.893536
1382413182.498084 398.498083 1.673492 0.894949
1382413182.998072 398.998072 1.671905 0.895510
1382413183.487527 399.487527 1.672930 0.896840
1382413183.987878 399.987878 1.673257 0.898688
1382413184.487894 400.487894 1.674243 0.901253
1382413184.987972 400.987973 1.674373 0.903384
1382413185.487909 401.487909 1.675548 0.906160
1382413185.987569 401.987569 1.674815 0.909861
1382413186.502575 402.502575 1.673763 0.912446
1382413187.002547 403.002546 1.676003 0.913782
1382413187.497554 403.497553 1.676243 0.915411
1382413187.997519 403.997519 1.675467 0.916181
1382413188.497733 404.497733 1.675014 0.917904
1382413188.997848 404.997848 1.676754 0.917458
1382413189.497757 405.497758 1.675615 0.919775
1382413189.998039 405.998039 1.675551 0.921593
1382413190.488012 406.488012 1.674330 0.922406
1382413191.007679 407.007679 1.673944 0.922791
1382413191.507507 407.507506 1.674966 0.922944
1382413191.992537 407.992537 1.675482 0.923828
1382413192.492665 408.492664 1.675163 0.924282
1382413192.987786 408.987786 1.673783 0.925712
1382413193.487744 409.487744 1.672621 0.928414
1382413193.987814 409.987814 1.672902 0.929645
1382413194.487851 410.487851 1.671484 0.932121
1382413194.987877 410.987877 1.673834 0.933235
1382413195.487756 411.487756 1.673139 0.933688
1382413195.987675 411.987675 1.672544 0.934634
1382413196.487919 412.487919 1.674087 0.937313
1382413196.988060 412.988061 1.673862 0.937247
1382413197.487887 413.487887 1.674156 0.939327
1382413197.987915 413.987915 1.673195 0.939842
1382413198.488014 414.488014 1.672636 0.942203
1382413198.987999 414.988000 1.671974 0.942511
1382413199.487874 415.487873 1.673581 0.943345
1382413199.987760 415.987760 1.674621 0.944818
1382413200.487848 416.487848 1.676006 0.945901
1382413200.987994 416.987994 1.674659 0.946633
1382413201.487925 417.487925 1.673497 0.948973
1382413201.987999 417.988000 1.675791 0.950763
1382413202.488110 418.488110 1.675781 0.952825
1382413202.988134 418.988134 1.676667 0.954801
1382413203.488190 419.488190 1.675140 0.956465
1382413203.988022 419.988021 1.675765 0.957166
1382413204.487974 420.487974 1.676611 0.957589
1382413204.988086 420.988085 1.674194 0.957620
1382413205.488138 421.488138 1.674790 0.959249
1382413205.988085 421.988085 1.675730 0.961044
1382413206.488215 422.488216 1.672771 0.962884
1382413206.988317 422.988317 1.674077 0.964860
1382413207.488266 423.488266 1.673849 0.967427
1382413207.988343 423.988343 1.677252 0.969522
1382413208.483265 424.483265 1.673520 0.972023
1382413208.983268 424.983268 1.675893 0.975240
1382413209.488442 425.488443 1.673124 0.977967
1382413209.988463 425.988464 1.674634 0.980124
1382413210.488464 426.488464 1.674741 0.981450
1382413210.988492 426.988492 1.676049 0.983961
1382413211.488436 427.488436 1.677771 0.985911
1382413211.988445 427.988445 1.675962 0.986048
1382413212.488497 428.488497 1.676764 0.987619
1382413212.988501 428.988500 1.677538 0.989067
1382413213.488470 429.488470 1.677076 0.991300
1382413213.993286 429.993286 1.676207 0.992459
1382413214.488246 430.488247 1.676823 0.993222
1382413214.978357 430.978357 1.675727 0.994325
1382413215.483578 431.483578 1.675012 0.994506
1382413215.988860 431.988860 1.675699 0.995343
1382413216.488754 432.488753 1.673315 0.996010
1382413216.988539 432.988538 1.673257 0.998144
1382413217.488501 433.488500 1.674879 0.999034
1382413217.988518 433.988518 1.676207 0.999788
1382413218.488642 434.488642 1.675260 1.001160
1382413218.988638 434.988638 1.675086 1.003696
1382413219.483593 435.483593 1.676356 1.007010
1382413219.978539 435.978539 1.677107 1.008300
1382413220.478542 436.478541 1.676427 1.008825
1382413220.983655 436.983655 1.676225 1.011448
1382413221.483578 437.483578 1.675661 1.012598
1382413221.983743 437.983743 1.677830 1.013837
1382413222.488892 438.488892 1.677245 1.015744
1382413222.988650 438.988650 1.676161 1.016875
1382413223.488558 439.488558 1.676706 1.018341
1382413223.988727 439.988726 1.676478 1.019781
1382413224.488808 440.488808 1.676603 1.021492
1382413224.988827 440.988827 1.676519 1.023450
1382413225.483784 441.483785 1.674744 1.027041
1382413225.995207 441.995206 1.676187 1.029295
1382413226.478629 442.478629 1.677002 1.031997
1382413226.978667 442.978667 1.677830 1.035273
1382413227.478702 443.478701 1.677947 1.037496
1382413227.978704 443.978704 1.678427 1.039665
1382413228.484034 444.484034 1.675988 1.042867
1382413229.004137 445.004136 1.677664 1.045773
1382413229.503882 445.503882 1.677027 1.049173
1382413229.993782 445.993782 1.676396 1.052492
1382413230.488779 446.488779 1.677528 1.054124
1382413230.993845 446.993845 1.675556 1.056270
1382413231.493835 447.493835 1.677735 1.058842
1382413231.998807 447.998808 1.675183 1.060323
1382413232.498789 448.498788 1.676008 1.063186
1382413232.978833 448.978834 1.675732 1.065534
1382413233.478843 449.478844 1.675949 1.067828
1382413233.978868 449.978869 1.675886 1.070777
1382413234.478954 450.478954 1.676545 1.073100
1382413234.979047 450.979047 1.677533 1.075820
1382413235.479219 451.479219 1.676399 1.078879
1382413235.984314 451.984314 1.676790 1.079631
1382413236.479159 452.479159 1.676552 1.081662
1382413236.979121 452.979121 1.677722 1.083475
1382413237.479088 453.479088 1.675960 1.084278
1382413237.979173 453.979173 1.677998 1.086985
1382413238.479285 454.479285 1.679156 1.088410
1382413238.969071 454.969072 1.677587 1.090574
1382413239.474099 455.474099 1.678231 1.092048
1382413239.974104 455.974105 1.677505 1.093868
1382413240.469058 456.469058 1.675530 1.096338
1382413240.969031 456.969031 1.678108 1.098829
1382413241.469312 457.469312 1.677888 1.100554
1382413241.969323 457.969323 1.678300 1.101648
1382413242.469063 458.469062 1.676473 1.102915
1382413242.969436 458.969436 1.678591 1.103866
1382413243.469463 459.469463 1.678892 1.104636
1382413243.969160 459.969159 1.678481 1.106111
1382413244.469166 460.469166 1.678895 1.109018
1382413244.969158 460.969158 1.680019 1.110603
1382413245.469208 461.469208 1.679945 1.111607
1382413245.969219 461.969219 1.678841 1.114088
1382413246.469213 462.469213 1.679230 1.115752
1382413246.969268 462.969268 1.680126 1.118855
1382413247.469337 463.469336 1.677699 1.121679
1382413247.969328 463.969329 1.678714 1.125080
1382413248.469297 464.469297 1.678898 1.127963
1382413248.969345 464.969344 1.680451 1.131794
1382413249.469400 465.469400 1.679610 1.135830
1382413249.969427 465.969427 1.679449 1.137278
1382413250.469404 466.469404 1.679866 1.138213
1382413250.969371 466.969370 1.680673 1.139416
1382413251.469347 467.469347 1.680055 1.141966
1382413251.969378 467.969378 1.678813 1.145126
1382413252.469425 468.469425 1.678008 1.147574
1382413252.969413 468.969413 1.678905 1.151604
1382413253.469361 469.469361 1.678187 1.155517
1382413253.994478 469.994478 1.678325 1.159070
1382413254.494644 470.494644 1.678185 1.162966
1382413254.969610 470.969610 1.678696 1.165854
1382413255.469524 471.469524 1.679248 1.170261
1382413255.969554 471.969554 1.677947 1.173073
1382413256.469557 472.469556 1.680885 1.177022
1382413256.969572 472.969572 1.679005 1.181771
1382413257.469598 473.469598 1.679521 1.185582
1382413257.969625 473.969626 1.680387 1.190519
1382413258.469607 474.469607 1.678816 1.196683
1382413258.969575 474.969575 1.678823 1.202541
1382413259.469623 475.469623 1.679575 1.206092
1382413259.969685 475.969685 1.677102 1.209784
1382413260.469697 476.469697 1.678356 1.215988
1382413260.979887 476.979887 1.679329 1.220750
1382413261.479850 477.479850 1.681023 1.223577
1382413261.969724 477.969724 1.680305 1.227324
1382413262.484735 478.484735 1.682152 1.230197
1382413262.984729 478.984729 1.679720 1.237088
1382413263.469784 479.469784 1.680504 1.243937
1382413263.979865 479.979865 1.681460 1.249132
1382413264.479929 480.479929 1.679253 1.251271
1382413264.969860 480.969859 1.678517 1.255052
1382413265.469795 481.469795 1.679697 1.256594
1382413265.969839 481.969839 1.679288 1.260308
1382413266.469839 482.469839 1.678525 1.261980
1382413266.969878 482.969878 1.678946 1.263770
1382413267.469987 483.469987 1.678601 1.265937
1382413267.970294 483.970295 1.678126 1.268733
1382413268.470270 484.470270 1.678504 1.273870
1382413268.969930 484.969930 1.677776 1.278606
1382413269.469897 485.469897 1.678987 1.284048
1382413269.969890 485.969890 1.677324 1.288978
1382413270.469898 486.469898 1.677255 1.292239
1382413270.969936 486.969936 1.678116 1.295693
1382413271.469949 487.469949 1.681263 1.300208
1382413271.969953 487.969953 1.680946 1.303947
1382413272.470002 488.470002 1.681192 1.307389
1382413272.970010 488.970009 1.679567 1.307998
1382413273.470006 489.470007 1.677855 1.310315
1382413273.970186 489.970185 1.679036 1.314702
1382413274.470185 490.470185 1.678744 1.317320
1382413274.970037 490.970037 1.677265 1.321452
1382413275.470106 491.470106 1.678136 1.323805
1382413275.970163 491.970163 1.679587 1.326240
1382413276.470196 492.470196 1.678892 1.332087
1382413276.975173 492.975173 1.678665 1.337609
1382413277.475219 493.475219 1.679690 1.343329
1382413277.970231 493.970231 1.678445 1.348022
1382413278.480139 494.480139 1.678305 1.351413
1382413278.980232 494.980232 1.677630 1.354495
1382413279.480243 495.480244 1.678972 1.358441
1382413279.980247 495.980247 1.678826 1.361597
1382413280.485329 496.485329 1.677712 1.364464
1382413280.985346 496.985346 1.677822 1.368028
1382413281.485521 497.485520 1.677766 1.371704
1382413281.985543 497.985543 1.677339 1.374337
1382413282.470306 498.470307 1.678458 1.376637
1382413282.970341 498.970342 1.678131 1.377131
1382413283.470360 499.470360 1.677429 1.378408
1382413283.970366 499.970365 1.678969 1.381225
1382413284.470393 500.470394 1.677694 1.379859
1382413284.970447 500.970446 1.677973 1.381531