1382413417.099020 37.099019 1.681907 1.689720
1382413417.594438 37.594437 1.680831 1.690640
1382413418.094335 38.094335 1.679756 1.689756
1382413418.594298 38.594298 1.679306 1.689244
1382413419.106716 39.106716 1.678657 1.689312
1382413419.606785 39.606785 1.679043 1.687714
1382413420.094403 40.094402 1.677400 1.687882
1382413420.594388 40.594388 1.677324 1.687747
1382413421.094459 41.094458 1.679081 1.689628
1382413421.594667 41.594668 1.678346 1.689888
1382413422.094996 42.094997 1.676578 1.689894
1382413422.594694 42.594694 1.677273 1.688983
1382413423.094435 43.094435 1.677296 1.689358
1382413423.594949 43.594949 1.677651 1.689417
1382413424.094944 44.094944 1.676483 1.690832
1382413424.594574 44.594574 1.678486 1.689827
1382413425.094597 45.094597 1.677692 1.690475
1382413425.594610 45.594610 1.678088 1.689458
1382413426.094591 46.094591 1.679396 1.689073
1382413426.594639 46.594639 1.678519 1.690146
1382413427.109600 47.109599 1.676721 1.690982
1382413427.609550 47.609550 1.676358 1.688729
1382413428.094740 48.094740 1.677475 1.690628
1382413428.594750 48.594751 1.677472 1.691319
1382413429.094619 49.094619 1.676670 1.689888
1382413429.594609 49.594610 1.678420 1.689886
1382413430.094717 50.094717 1.678461 1.689929
1382413430.615047 50.615047 1.678532 1.689774
1382413431.114995 51.114995 1.679730 1.688494
1382413431.594941 51.594941 1.678404 1.689837
1382413432.094997 52.094997 1.677830 1.689939
1382413432.594787 52.594787 1.678402 1.689368
1382413433.094803 53.094803 1.678972 1.688390
1382413433.594876 53.594876 1.677613 1.687801
1382413434.099891 54.099892 1.676335 1.689437
1382413434.600070 54.600071 1.675589 1.690686
1382413435.095098 55.095099 1.676440 1.691601
1382413435.594922 55.594921 1.678093 1.689266
1382413436.094959 56.094959 1.675914 1.689080
1382413436.594838 56.594838 1.675903 1.690898
1382413437.094860 57.094860 1.676011 1.690072
1382413437.594920 57.594920 1.676601 1.690337
1382413438.094882 58.094882 1.677694 1.690289
1382413438.594908 58.594908 1.677771 1.690531
1382413439.094906 59.094906 1.675860 1.689812
1382413439.594906 59.594906 1.676573 1.689965
1382413440.096287 60.096286 1.678149 1.690401
1382413440.607715 60.607715 1.676897 1.690811
1382413441.106497 61.106497 1.677942 1.690442
1382413441.595101 61.595101 1.676675 1.690131
1382413442.095036 62.095035 1.676151 1.689697
1382413442.595090 62.595090 1.675640 1.690029
1382413443.095071 63.095071 1.674925 1.690281
1382413443.594945 63.594945 1.676264 1.690179
1382413444.095059 64.095059 1.675017 1.690997
1382413444.595105 64.595105 1.675073 1.687273
1382413445.095186 65.095185 1.674935 1.689952
1382413445.595258 65.595258 1.675916 1.690327
1382413446.095180 66.095180 1.676054 1.688596
1382413446.595207 66.595207 1.676034 1.688935
1382413447.095289 67.095289 1.675344 1.689985
1382413447.595459 67.595459 1.674869 1.689728
1382413448.095439 68.095439 1.676913 1.691013
1382413448.595566 68.595566 1.675758 1.690250
1382413449.095629 69.095629 1.676095 1.690847
1382413449.595301 69.595302 1.676619 1.690365
1382413450.095257 70.095256 1.676322 1.688767
1382413450.595142 70.595142 1.676846 1.689781
1382413451.095197 71.095197 1.674925 1.689458
1382413451.595325 71.595326 1.673816 1.689521
1382413452.095313 72.095313 1.673655 1.690126
1382413452.595642 72.595642 1.675267 1.690006
1382413453.095703 73.095703 1.676376 1.690230
1382413453.595460 73.595460 1.675349 1.689287
1382413454.095523 74.095523 1.673596 1.691066
1382413454.595587 74.595587 1.673282 1.690161
1382413455.095586 75.095586 1.675002 1.690628
1382413455.595659 75.595659 1.674833 1.691201
1382413456.095669 76.095669 1.673860 1.689029
1382413456.595470 76.595470 1.674552 1.689539
1382413457.095527 77.095528 1.674194 1.689771
1382413457.595443 77.595443 1.673055 1.688476
1382413458.095406 78.095405 1.673203 1.688395
1382413458.595492 78.595492 1.674322 1.688333
1382413459.095614 79.095614 1.670602 1.688066
1382413459.595623 79.595623 1.672196 1.687711
1382413460.095575 80.095575 1.672406 1.688782
1382413460.595865 80.595865 1.672324 1.687179
1382413461.096018 81.096017 1.672692 1.688897
1382413461.595775 81.595775 1.671318 1.686906
1382413462.096152 82.096152 1.671938 1.688397
1382413462.596209 82.596208 1.671808 1.687403
1382413463.095678 83.095678 1.672271 1.688400
1382413463.595690 83.595690 1.671882 1.690284
1382413464.095697 84.095698 1.671844 1.689233
1382413464.595651 84.595651 1.672350 1.689641
1382413465.095645 85.095645 1.670878 1.688695
1382413465.595670 85.595670 1.672329 1.688810
1382413466.095697 86.095697 1.672322 1.688813
1382413466.595757 86.595758 1.673900 1.688040
1382413467.095831 87.095832 1.674618 1.688958
1382413467.595850 87.595850 1.671995 1.687444
1382413468.095872 88.095872 1.670965 1.686819
1382413468.595900 88.595900 1.672345 1.688214
1382413469.095900 89.095899 1.670817 1.689060
1382413469.607287 89.607288 1.672679 1.687291
1382413470.107269 90.107269 1.672416 1.688930
1382413470.595886 90.595886 1.673119 1.690299
1382413471.095872 91.095872 1.672789 1.689396
1382413471.595745 91.595744 1.672342 1.689249
1382413472.095797 92.095796 1.672222 1.690128
1382413472.595965 92.595965 1.671167 1.688716
1382413473.095943 93.095943 1.671456 1.689065
1382413473.596161 93.596161 1.671857 1.689753
1382413474.096258 94.096258 1.672889 1.689715
1382413474.596077 94.596077 1.673418 1.689483
1382413475.096098 95.096099 1.673078 1.689425
1382413475.596060 95.596060 1.672840 1.689368
1382413476.096050 96.096049 1.672419 1.690174
1382413476.596097 96.596098 1.671818 1.688616
1382413477.096060 97.096060 1.673244 1.688672
1382413477.605931 97.605930 1.674325 1.690126
1382413478.105940 98.105940 1.674588 1.689570
1382413478.595962 98.595962 1.673709 1.689198
1382413479.096349 99.096350 1.674113 1.689305
1382413479.596452 99.596452 1.672426 1.688986
1382413480.096608 100.096608 1.671343 1.687273
1382413480.596680 100.596681 1.672322 1.687270
1382413481.096183 101.096183 1.672163 1.687979
1382413481.596132 101.596132 1.671238 1.687581
1382413482.096194 102.096194 1.669930 1.687520
1382413482.596225 102.596225 1.670385 1.687816
1382413483.096572 103.096572 1.671836 1.687875
1382413483.609183 103.609183 1.671982 1.687321
1382413484.108838 104.108838 1.671060 1.687163
1382413484.596262 104.596262 1.672099 1.687864
1382413485.096311 105.096311 1.671788 1.686745
1382413485.596224 105.596224 1.671811 1.687418
1382413486.096211 106.096211 1.671777 1.686781
1382413486.596499 106.596499 1.670452 1.688387
1382413487.096667 107.096667 1.671754 1.686824
1382413487.596453 107.596453 1.671573 1.687158
1382413488.096354 108.096354 1.670600 1.688280
1382413488.609004 108.609004 1.670661 1.686722
1382413489.108985 109.108985 1.670372 1.686977
1382413489.596484 109.596484 1.670661 1.688094
1382413490.096500 110.096501 1.671044 1.689366
1382413490.596482 110.596482 1.671241 1.688545
1382413491.096483 111.096482 1.670664 1.687979
1382413491.596469 111.596469 1.670237 1.688856
1382413492.096521 112.096521 1.671767 1.688986
1382413492.596406 112.596405 1.671353 1.687515
1382413493.096529 113.096529 1.672043 1.688581
1382413493.596650 113.596650 1.671678 1.689613
1382413494.096487 114.096486 1.673124 1.688489
1382413494.596494 114.596495 1.673604 1.686944
1382413495.096540 115.096540 1.671591 1.687852
1382413495.596473 115.596473 1.671706 1.688955
1382413496.096523 116.096523 1.673576 1.689978
1382413496.596546 116.596546 1.673484 1.689203
1382413497.096541 117.096541 1.672687 1.688333
1382413497.596555 117.596555 1.674000 1.689588
1382413498.096588 118.096588 1.673750 1.688925
1382413498.596664 118.596664 1.672942 1.688479
1382413499.096623 119.096623 1.674138 1.688922
1382413499.596753 119.596753 1.672715 1.688920
1382413500.116775 120.116775 1.671875 1.688555
1382413500.663862 120.663862 1.673441 1.689453
1382413501.206116 121.206116 1.672319 1.688688
1382413501.706099 121.706099 1.671913 1.687780
1382413502.201119 122.201119 1.672508 1.688048
1382413502.701158 122.701158 1.671640 1.687617
1382413503.191192 123.191193 1.673149 1.687237
1382413503.691222 123.691222 1.672150 1.688405
1382413504.216224 124.216224 1.671443 1.688275
1382413504.716280 124.716280 1.671800 1.688927
1382413505.206679 125.206679 1.672896 1.689391
1382413505.706680 125.706680 1.672562 1.689379
1382413506.278253 126.278252 1.672319 1.688780
1382413506.696475 126.696475 1.673116 1.689988
1382413507.191485 127.191485 1.672079 1.688492
1382413507.691517 127.691517 1.672472 1.687617
1382413508.191543 128.191543 1.673047 1.688275
1382413508.691504 128.691504 1.672861 1.687260
1382413509.191511 129.191512 1.673872 1.688808
1382413509.691872 129.691872 1.674005 1.688112
1382413510.211895 130.211895 1.675096 1.688604
1382413510.711583 130.711583 1.673732 1.690549
1382413511.191608 131.191608 1.672212 1.688769
1382413511.691658 131.691657 1.672350 1.689361
1382413512.191665 132.191665 1.672437 1.687836
1382413512.691802 132.691802 1.669036 1.688061
1382413513.191919 133.191919 1.671366 1.686414
1382413513.692043 133.692043 1.671021 1.685626
1382413514.191966 134.191966 1.671560 1.686554
1382413514.691632 134.691632 1.670137 1.685397
1382413515.191639 135.191639 1.671274 1.685642
1382413515.691662 135.691662 1.669951 1.686207
1382413516.196583 136.196583 1.670492 1.685139
1382413516.696666 136.696667 1.668814 1.686863
1382413517.191683 137.191683 1.669598 1.686669
1382413517.691622 137.691622 1.669156 1.686835
1382413518.191758 138.191758 1.671379 1.686717
1382413518.691812 138.691812 1.669348 1.686416
1382413519.191840 139.191840 1.671586 1.687378
1382413519.691919 139.691919 1.670508 1.687118
1382413520.191922 140.191922 1.670799 1.687666
1382413520.691870 140.691870 1.669210 1.688930
1382413521.186786 141.186787 1.670492 1.688130
1382413521.681882 141.681882 1.670676 1.687421
1382413522.187006 142.187006 1.669363 1.685851
1382413522.691943 142.691943 1.669220 1.687650
1382413523.191895 143.191895 1.671509 1.687571
1382413523.691900 143.691900 1.670730 1.687666
1382413524.191827 144.191826 1.672020 1.687859
1382413524.691874 144.691874 1.670960 1.688619
1382413525.192030 145.192030 1.671019 1.687933
1382413525.692131 145.692130 1.671732 1.689600
1382413526.192151 146.192151 1.669680 1.688339
1382413526.692035 146.692035 1.671103 1.686332
1382413527.186917 147.186917 1.669381 1.688395
1382413527.682052 147.682052 1.669591 1.689442
1382413528.182044 148.182044 1.672176 1.688198
1382413528.681981 148.681981 1.672386 1.689723
1382413529.187155 149.187155 1.671458 1.689345
1382413529.692148 149.692148 1.670745 1.688007
1382413530.192115 150.192114 1.670891 1.689106
1382413530.692087 150.692087 1.670482 1.689894
1382413531.192163 151.192163 1.672426 1.690332
1382413531.692173 151.692173 1.671522 1.690222
1382413532.192500 152.192500 1.670710 1.689830
1382413532.687556 152.687556 1.671093 1.690431
1382413533.182137 153.182137 1.672799 1.689029
1382413533.682239 153.682238 1.672925 1.688920
1382413534.182257 154.182258 1.672363 1.690439
1382413534.682155 154.682155 1.672526 1.690357
1382413535.182167 155.182167 1.672048 1.688392
1382413535.687201 155.687201 1.672664 1.689730
1382413536.192336 156.192336 1.672529 1.689121
1382413536.692249 156.692249 1.671407 1.689919
1382413537.192173 157.192173 1.671402 1.690811
1382413537.687319 157.687319 1.671887 1.689771
1382413538.182746 158.182747 1.671152 1.690276
1382413538.682741 158.682741 1.673433 1.689384
1382413539.182381 159.182382 1.668773 1.688252
1382413539.682439 159.682439 1.669803 1.688565
1382413540.182399 160.182398 1.670033 1.688678
1382413540.682339 160.682339 1.671550 1.689743
1382413541.182412 161.182412 1.671187 1.689287
1382413541.682465 161.682464 1.670899 1.690284
1382413542.187584 162.187585 1.671272 1.690796
1382413542.692502 162.692502 1.670211 1.689544
1382413543.187363 163.187363 1.672426 1.690740
1382413543.682456 163.682456 1.671951 1.689534
1382413544.182463 164.182463 1.668681 1.690202
1382413544.682353 164.682353 1.670927 1.690783
1382413545.182589 165.182588 1.670830 1.690360
1382413545.683099 165.683099 1.672107 1.690426
1382413546.182885 166.182886 1.670076 1.691329
1382413546.682425 166.682426 1.673126 1.689636
1382413547.182432 167.182432 1.672434 1.690559
1382413547.682574 167.682574 1.672250 1.689993
1382413548.182647 168.182647 1.673934 1.691681
1382413548.682585 168.682585 1.673607 1.692007
1382413549.182676 169.182676 1.675804 1.691061
1382413549.702708 169.702708 1.676279 1.692387
1382413550.202596 170.202597 1.674889 1.691357
1382413550.682569 170.682569 1.674741 1.691879
1382413551.182645 171.182645 1.674376 1.691341
1382413551.682805 171.682804 1.674560 1.691359
1382413552.182811 172.182812 1.675433 1.692127
1382413552.682692 172.682692 1.675840 1.692155
1382413553.182677 173.182676 1.677204 1.691912
1382413553.687729 173.687729 1.678581 1.692361
1382413554.187777 174.187777 1.678282 1.691512
1382413554.697754 174.697754 1.677888 1.692226
1382413555.197702 175.197703 1.679023 1.691737
1382413555.702699 175.702699 1.678330 1.692392
1382413556.202776 176.202777 1.678392 1.693207
1382413556.682825 176.682825 1.677066 1.692662
1382413557.182777 177.182778 1.676849 1.693702
1382413557.682847 177.682847 1.678157 1.692733
1382413558.188253 178.188254 1.675451 1.693467
1382413558.688454 178.688454 1.676596 1.691836
1382413559.183043 179.183042 1.676785 1.693750
1382413559.682888 179.682888 1.677426 1.692953
1382413560.182976 180.182976 1.677960 1.693753
1382413560.682982 180.682982 1.678221 1.693264
1382413561.182890 181.182890 1.678290 1.693575
1382413561.683017 181.683017 1.676941 1.693167
1382413562.183021 182.183021 1.678251 1.692134
1382413562.682906 182.682906 1.679041 1.692053
1382413563.182914 183.182914 1.680206 1.693026
1382413563.682990 183.682989 1.679383 1.692626
1382413564.183034 184.183034 1.676276 1.692705
1382413564.683165 184.683164 1.676343 1.692886
1382413565.183229 185.183229 1.677538 1.693169
1382413565.683182 185.683182 1.677779 1.692884
1382413566.183302 186.183303 1.678839 1.692259
1382413566.683369 186.683369 1.677439 1.691681
1382413567.183217 187.183217 1.676915 1.693868
1382413567.683128 187.683128 1.678371 1.693353
1382413568.183214 188.183214 1.678187 1.692292
1382413568.683152 188.683152 1.678555 1.692896
1382413569.183119 189.183119 1.678154 1.693934
1382413569.683268 189.683268 1.677623 1.694176
1382413570.183317 190.183317 1.678080 1.693666
1382413570.683817 190.683818 1.679153 1.694283
1382413571.183896 191.183895 1.676606 1.694056
1382413571.683388 191.683388 1.679649 1.692461
1382413572.183371 192.183370 1.679429 1.694148
1382413572.683449 192.683449 1.677623 1.693699
1382413573.183386 193.183386 1.678267 1.693901
1382413573.683333 193.683333 1.678606 1.692410
1382413574.183372 194.183373 1.678609 1.692190
1382413574.683280 194.683280 1.677454 1.692585
1382413575.183267 195.183267 1.676399 1.691576
1382413575.683466 195.683467 1.677091 1.692636
1382413576.183868 196.183868 1.675500 1.693473
1382413576.683761 196.683761 1.674309 1.694388
1382413577.183384 197.183384 1.674999 1.694434
1382413577.683623 197.683623 1.674445 1.694161
1382413578.183728 198.183728 1.675998 1.693213
1382413578.683470 198.683470 1.677004 1.692468
1382413579.183436 199.183436 1.676787 1.693822
1382413579.683522 199.683521 1.676685 1.693949
1382413580.183936 200.183936 1.675781 1.693975
1382413580.683873 200.683873 1.676335 1.692527
1382413581.183500 201.183500 1.675627 1.692667
1382413581.683520 201.683520 1.676496 1.692749
1382413582.183511 202.183511 1.676241 1.692884
1382413582.683471 202.683471 1.677094 1.694732
1382413583.183572 203.183572 1.676943 1.693817
1382413583.683651 203.683651 1.676631 1.693835
1382413584.183630 204.183630 1.677010 1.693508
1382413584.683605 204.683605 1.677298 1.694372
1382413585.183687 205.183687 1.676803 1.692374
1382413585.684100 205.684100 1.675658 1.692825
1382413586.184066 206.184066 1.675822 1.695749
1382413586.688703 206.688702 1.676958 1.693597
1382413587.188816 207.188816 1.677306 1.693557
1382413587.698642 207.698641 1.674925 1.692020
1382413588.198628 208.198628 1.676504 1.692127
1382413588.688752 208.688752 1.675840 1.692631
1382413589.188765 209.188765 1.676900 1.692226
1382413589.683836 209.683836 1.678008 1.692884
1382413590.183876 210.183875 1.675497 1.692664
1382413590.683953 210.683952 1.671640 1.692173
1382413591.184047 211.184047 1.673466 1.691627
1382413591.683952 211.683951 1.672999 1.691619
1382413592.183829 212.183829 1.672051 1.690618
1382413592.683757 212.683757 1.672194 1.692840
1382413593.183763 213.183763 1.674695 1.693383
1382413593.683865 213.683865 1.675530 1.693044
1382413594.183903 214.183902 1.677582 1.694191
1382413594.683811 214.683811 1.677094 1.693661
1382413595.183862 215.183862 1.677303 1.694584
1382413595.683993 215.683993 1.679064 1.695305
1382413596.183980 216.183980 1.677960 1.694852
1382413596.683938 216.683937 1.677058 1.695362
1382413597.183993 217.183993 1.677840 1.693863
1382413597.684187 217.684188 1.676731 1.693982
1382413598.184201 218.184201 1.676654 1.693812
1382413598.683925 218.683925 1.676752 1.694115
1382413599.198972 219.198971 1.675975 1.693156
1382413599.699111 219.699111 1.675947 1.692950
1382413600.184119 220.184119 1.675684 1.693149
1382413600.684072 220.684072 1.674059 1.693047
1382413601.184139 221.184139 1.672442 1.691120
1382413601.684173 221.684173 1.673683 1.691780
1382413602.184218 222.184218 1.672536 1.693508
1382413602.684166 222.684166 1.672074 1.692598
1382413603.184095 223.184096 1.669624 1.691522
1382413603.684187 223.684188 1.669649 1.692680
1382413604.189297 224.189297 1.670199 1.691589
1382413604.699201 224.699201 1.669376 1.691744
1382413605.209098 225.209098 1.668745 1.693067
1382413605.699173 225.699174 1.670319 1.693230
1382413606.189575 226.189575 1.671852 1.693725
1382413606.689539 226.689539 1.670727 1.692731
1382413607.184264 227.184264 1.671762 1.693100
1382413607.684381 227.684382 1.671210 1.693837
1382413608.184339 228.184339 1.671014 1.693118
1382413608.684253 228.684253 1.670937 1.692076
1382413609.184262 229.184262 1.670211 1.692402
1382413609.684329 229.684329 1.670515 1.692086
1382413610.184401 230.184401 1.669144 1.691127
1382413610.684369 230.684369 1.669609 1.692614
1382413611.184341 231.184342 1.668487 1.692802
1382413611.684407 231.684407 1.669345 1.692267
1382413612.184617 232.184617 1.669468 1.693516
1382413612.685215 232.685215 1.668771 1.692506
1382413613.185031 233.185031 1.668063 1.691520
1382413613.684492 233.684492 1.667565 1.691380
1382413614.184506 234.184507 1.667542 1.692188
1382413614.684438 234.684438 1.668947 1.693603
1382413615.184461 235.184461 1.668758 1.692501
1382413615.684516 235.684516 1.669455 1.693202
1382413616.184523 236.184523 1.669315 1.692585
1382413616.684984 236.684984 1.670932 1.693386
1382413617.185097 237.185096 1.671269 1.693513
1382413617.684683 237.684683 1.670592 1.693638
1382413618.184641 238.184641 1.670814 1.694737
1382413618.684573 238.684573 1.670206 1.694278
1382413619.184645 239.184645 1.667411 1.693401
1382413619.684715 239.684715 1.668990 1.692269
1382413620.186086 240.186087 1.667738 1.692499
1382413620.685966 240.685966 1.669315 1.691436
1382413621.184586 241.184586 1.669092 1.692690
1382413621.684715 241.684714 1.667800 1.691831
1382413622.184738 242.184738 1.663390 1.689470
1382413622.684598 242.684599 1.665059 1.691538
1382413623.184647 243.184647 1.665526 1.692738
1382413623.684961 243.684961 1.667552 1.691002
1382413624.184940 244.184940 1.668318 1.692173
1382413624.684647 244.684647 1.667263 1.693230
1382413625.189662 245.189662 1.667205 1.692415
1382413625.689785 245.689785 1.667445 1.692550
1382413626.194841 246.194841 1.668191 1.693363
1382413626.694803 246.694804 1.667652 1.692203
1382413627.184807 247.184807 1.670227 1.693424
1382413627.684911 247.684911 1.668030 1.694344
1382413628.184902 248.184902 1.668880 1.694306
1382413628.684817 248.684817 1.671080 1.693156
1382413629.184764 249.184764 1.668124 1.693794
1382413629.684990 249.684990 1.667202 1.694227
1382413630.185265 250.185265 1.669933 1.694138
1382413630.685242 250.685242 1.669639 1.693756
1382413631.185000 251.185000 1.668134 1.693896
1382413631.684936 251.684935 1.666957 1.694026
1382413632.184947 252.184946 1.667956 1.695040
1382413632.684858 252.684858 1.667859 1.693735
1382413633.194894 253.194894 1.668653 1.694056
1382413633.694983 253.694984 1.667818 1.694296
1382413634.185019 254.185019 1.667424 1.695198
1382413634.684942 254.684942 1.668645 1.694801
1382413635.184902 255.184903 1.669976 1.695769
1382413635.684969 255.684969 1.670096 1.695076
1382413636.185102 256.185102 1.670222 1.694676
1382413636.685088 256.685088 1.671594 1.694666
1382413637.190060 257.190060 1.671315 1.694497
1382413637.690100 257.690100 1.671571 1.696029
1382413638.190208 258.190209 1.670827 1.695879
1382413638.690160 258.690160 1.672120 1.695632
1382413639.190275 259.190275 1.671269 1.696126
1382413639.690351 259.690350 1.672766 1.696134
1382413640.185125 260.185125 1.670418 1.695333
1382413640.685062 260.685062 1.672562 1.694961
1382413641.185390 261.185391 1.672163 1.695071
1382413641.685497 261.685497 1.671923 1.695328
1382413642.185183 262.185183 1.670500 1.695323
1382413642.685144 262.685144 1.672835 1.695412
1382413643.185364 263.185364 1.672753 1.696590
1382413643.685487 263.685487 1.672840 1.695234
1382413644.185328 264.185328 1.669785 1.695033
1382413644.685264 264.685264 1.672306 1.695005
1382413645.185255 265.185255 1.670940 1.695221
1382413645.700181 265.700181 1.672125 1.696124
1382413646.200165 266.200165 1.672393 1.696167
1382413646.685538 266.685538 1.673898 1.695390
1382413647.185555 267.185555 1.674945 1.695976
1382413647.685283 267.685283 1.673673 1.697215
1382413648.185665 268.185665 1.672554 1.696613
1382413648.685607 268.685607 1.671857 1.696180
1382413649.185230 269.185230 1.673916 1.696447
1382413649.685572 269.685572 1.672230 1.696210
1382413650.185615 270.185614 1.675293 1.696465
1382413650.685331 270.685331 1.674286 1.696557
1382413651.185302 271.185302 1.674994 1.695300
1382413651.685408 271.685408 1.673328 1.695818
1382413652.185420 272.185419 1.672457 1.697750
1382413652.685322 272.685322 1.672357 1.696822
1382413653.185343 273.185342 1.673387 1.695803
1382413653.690369 273.690369 1.673492 1.696922
1382413654.190413 274.190413 1.676586 1.696812
1382413654.690479 274.690479 1.675030 1.698081
1382413655.200479 275.200478 1.674054 1.696868
1382413655.705790 275.705790 1.677242 1.697470
1382413656.195858 276.195858 1.675500 1.696409
1382413656.690650 276.690650 1.677122 1.697990
1382413657.190581 277.190581 1.674774 1.697082
1382413657.685472 277.685472 1.673134 1.696190
1382413658.185525 278.185525 1.671251 1.696909
1382413658.690465 278.690465 1.672265 1.697026
1382413659.190468 279.190468 1.675293 1.698334
1382413659.685531 279.685531 1.674787 1.697174
1382413660.185558 280.185558 1.675206 1.697819
1382413660.685559 280.685559 1.674657 1.696797
1382413661.185518 281.185517 1.675313 1.699402
1382413661.686224 281.686224 1.675387 1.698619
1382413662.186316 282.186316 1.675852 1.697890
1382413662.685771 282.685771 1.676422 1.699053
1382413663.185771 283.185771 1.675454 1.698324
1382413663.685695 283.685695 1.676210 1.698737
1382413664.185875 284.185876 1.675970 1.698160
1382413664.700845 284.700845 1.675500 1.698507
1382413665.200597 285.200596 1.674938 1.698530
1382413665.695619 285.695619 1.674994 1.699050
1382413666.206015 286.206015 1.676573 1.699838
1382413666.695950 286.695949 1.675262 1.699782
1382413667.185590 287.185590 1.674033 1.698596
1382413667.685666 287.685666 1.674769 1.699274
1382413668.185732 288.185732 1.674146 1.699504
1382413668.685734 288.685733 1.675638 1.700651
1382413669.185754 289.185754 1.676103 1.700281
1382413669.685803 289.685803 1.673200 1.699336
1382413670.185807 290.185807 1.674950 1.700391
1382413670.685796 290.685796 1.675556 1.699216
1382413671.190851 291.190852 1.674981 1.698591
1382413671.690932 291.690932 1.677602 1.698716
1382413672.185836 292.185836 1.674999 1.698408
1382413672.690737 292.690737 1.674994 1.699879
1382413673.190820 293.190820 1.674603 1.699267
1382413673.685884 293.685885 1.673001 1.699348
1382413674.185991 294.185991 1.672766 1.699545
1382413674.685956 294.685955 1.673617 1.699104
1382413675.185957 295.185957 1.674807 1.699527
1382413675.686080 295.686081 1.675880 1.699318
1382413676.200989 296.200989 1.675101 1.699213
1382413676.700916 296.700916 1.674695 1.699259
1382413677.186605 297.186605 1.675717 1.698071
1382413677.686674 297.686674 1.675970 1.699534
1382413678.186033 298.186033 1.674130 1.699331
1382413678.686045 298.686045 1.674307 1.699025
1382413679.186004 299.186005 1.673556 1.699185
1382413679.685994 299.685994 1.675165 1.700144
1382413680.186053 300.186053 1.675479 1.698887
1382413680.686042 300.686041 1.675988 1.697954
1382413681.186023 301.186024 1.675398 1.698120
1382413681.686019 301.686019 1.673011 1.696858
1382413682.186274 302.186274 1.671072 1.696815
1382413682.686284 302.686284 1.671594 1.697284
1382413683.196038 303.196038 1.670165 1.696710
1382413683.696116 303.696117 1.668219 1.697702
1382413684.186167 304.186167 1.669011 1.697681
1382413684.686111 304.686112 1.667266 1.696626
1382413685.186085 305.186085 1.666734 1.695254
1382413685.686108 305.686108 1.667473 1.695221
1382413686.186150 306.186150 1.666395 1.695071
1382413686.691095 306.691095 1.663758 1.694434
1382413687.191058 307.191058 1.664072 1.695673
1382413687.691203 307.691203 1.662527 1.695940
1382413688.191624 308.191625 1.666459 1.695683
1382413688.701478 308.701478 1.667488 1.697210
1382413689.201123 309.201123 1.667968 1.696970
1382413689.692732 309.692732 1.669075 1.697561
1382413690.192747 310.192747 1.668791 1.697712
1382413690.686212 310.686212 1.667593 1.696422
1382413691.186182 311.186182 1.667953 1.695973
1382413691.686260 311.686260 1.668186 1.697378
1382413692.186334 312.186334 1.669665 1.698110
1382413692.686251 312.686251 1.669818 1.697380
1382413693.186229 313.186228 1.669085 1.697429
1382413693.686619 313.686618 1.667876 1.697016
1382413694.186723 314.186723 1.668656 1.696221
1382413694.686408 314.686408 1.669294 1.697105
1382413695.186847 315.186847 1.668605 1.696914
1382413695.686945 315.686945 1.668799 1.696942
1382413696.186480 316.186480 1.667723 1.698094
1382413696.686399 316.686399 1.667864 1.697679
1382413697.186364 317.186365 1.668696 1.698989
1382413697.686439 317.686439 1.668390 1.698703
1382413698.186622 318.186622 1.669803 1.698380
1382413698.686526 318.686526 1.668640 1.698833
1382413699.201364 319.201364 1.667179 1.697197
1382413699.701466 319.701466 1.669632 1.697490
1382413700.186544 320.186545 1.669340 1.696860
1382413700.686714 320.686714 1.669131 1.698785
1382413701.186853 321.186853 1.668845 1.698652
1382413701.686720 321.686720 1.667572 1.697559
1382413702.190099 322.190098 1.668229 1.696690
1382413702.690163 322.690163 1.667715 1.698487
1382413703.191693 323.191693 1.668589 1.697072
1382413703.691738 323.691738 1.668753 1.698110
1382413704.191690 324.191691 1.668840 1.698005
1382413704.691822 324.691822 1.669389 1.698199
1382413705.196865 325.196864 1.670150 1.699152
1382413705.696640 325.696640 1.668183 1.697980
1382413706.196787 326.196787 1.670878 1.698064
1382413706.696773 326.696772 1.669675 1.697742
1382413707.206578 327.206578 1.668717 1.698673
1382413707.706636 327.706637 1.671106 1.697870
1382413708.186675 328.186675 1.669243 1.699116
1382413708.686657 328.686657 1.669746 1.698209
1382413709.186760 329.186760 1.668806 1.696970
1382413709.686823 329.686823 1.670056 1.697985
1382413710.186748 330.186748 1.669844 1.698245
1382413710.686707 330.686707 1.669580 1.697638
1382413711.186663 331.186663 1.669913 1.698421
1382413711.686712 331.686711 1.669838 1.697651
1382413712.186719 332.186719 1.671640 1.698306
1382413712.686713 332.686712 1.672669 1.697184
1382413713.186726 333.186726 1.671075 1.698484
1382413713.686800 333.686799 1.670153 1.698069
1382413714.186774 334.186774 1.669448 1.697475
1382413714.686801 334.686801 1.669000 1.697431
1382413715.186874 335.186875 1.668753 1.697936
1382413715.686882 335.686882 1.671021 1.697403
1382413716.188544 336.188544 1.670970 1.698229
1382413716.688515 336.688515 1.659139 1.698196