1382412522.910194 536.910195 1.399698 1.664710
1382412523.410139 537.410139 1.398380 1.664970
1382412523.910256 537.910256 1.398834 1.664608
1382412524.420362 538.420362 1.396847 1.662694
1382412524.920249 538.920249 1.396609 1.662849
1382412525.410208 539.410208 1.396195 1.663415
1382412525.910291 539.910291 1.395028 1.663540
1382412526.410313 540.410313 1.395424 1.664642
1382412526.910115 540.910115 1.398047 1.664274
1382412527.410184 541.410184 1.396315 1.663194
1382412527.910202 541.910202 1.396535 1.663540
1382412528.410175 542.410174 1.397646 1.664634
1382412528.910285 542.910285 1.398936 1.664109
1382412529.410312 543.410312 1.398257 1.664099
1382412529.910228 543.910227 1.397710 1.663484
1382412530.410311 544.410311 1.399085 1.663780
1382412530.915411 544.915411 1.397955 1.663280
1382412531.415551 545.415551 1.398068 1.665057
1382412531.910461 545.910462 1.398724 1.664101
1382412532.410256 546.410257 1.398147 1.665521
1382412532.910373 546.910373 1.396865 1.664476
1382412533.410542 547.410541 1.396803 1.663420
1382412533.915488 547.915488 1.396083 1.663071
1382412534.415323 548.415323 1.396964 1.664152
1382412534.910378 548.910377 1.396765 1.663627
1382412535.410427 549.410427 1.398796 1.664359
1382412535.910315 549.910315 1.395807 1.663691
1382412536.410361 550.410360 1.396939 1.664904
1382412536.910434 550.910434 1.398129 1.662883
1382412537.410594 551.410594 1.398926 1.663533
1382412537.925512 551.925512 1.399386 1.663571
1382412538.428022 552.428023 1.399184 1.665587
1382412538.913142 552.913142 1.398597 1.664670
1382412539.410453 553.410452 1.400477 1.665159
1382412539.910423 553.910423 1.398952 1.666594
1382412540.410548 554.410548 1.398101 1.664127
1382412540.910629 554.910628 1.396341 1.664020
1382412541.412699 555.412699 1.396928 1.664692
1382412541.932517 555.932517 1.396573 1.664861
1382412542.430384 556.430384 1.396415 1.663670
1382412542.910479 556.910478 1.395360 1.664055
1382412543.410671 557.410671 1.395316 1.663196
1382412543.910805 557.910805 1.396310 1.663632
1382412544.415525 558.415525 1.395585 1.663686
1382412544.915953 558.915953 1.395286 1.664295
1382412545.411167 559.411168 1.398114 1.664591
1382412545.910829 559.910829 1.396742 1.663494
1382412546.410823 560.410823 1.397072 1.664328
1382412546.910790 560.910790 1.397892 1.665192
1382412547.410855 561.410855 1.395930 1.665664
1382412547.910723 561.910723 1.396591 1.665651
1382412548.410620 562.410620 1.397319 1.665470
1382412548.910697 562.910697 1.397386 1.665233
1382412549.410904 563.410904 1.396359 1.664942
1382412549.910943 563.910942 1.395258 1.663002
1382412550.410866 564.410866 1.395710 1.665080
1382412550.911205 564.911205 1.397314 1.664328
1382412551.411123 565.411123 1.397036 1.663543
1382412551.910725 565.910725 1.398449 1.663015
1382412552.410701 566.410701 1.396821 1.663989
1382412552.910801 566.910802 1.396443 1.664241
1382412553.410860 567.410860 1.395866 1.664812
1382412553.911298 567.911298 1.395304 1.663132
1382412554.411315 568.411316 1.394900 1.664241
1382412554.910922 568.910922 1.395559 1.664014
1382412555.410941 569.410941 1.394287 1.665088
1382412555.910707 569.910708 1.394882 1.664496
1382412556.410688 570.410689 1.395286 1.664310
1382412556.925795 570.925794 1.395942 1.665567
1382412557.430804 571.430803 1.396773 1.665896
1382412557.915855 571.915856 1.395495 1.664325
1382412558.420758 572.420758 1.395002 1.664037
1382412558.920824 572.920824 1.394729 1.664183
1382412559.420980 573.420980 1.394591 1.665144
1382412559.925899 573.925899 1.395250 1.664970
1382412560.425926 574.425927 1.394724 1.664629
1382412560.935888 574.935888 1.393893 1.664127
1382412561.425972 575.425972 1.392907 1.664453
1382412561.926060 575.926060 1.393648 1.665070
1382412562.426059 576.426059 1.393661 1.665123
1382412562.911089 576.911089 1.393689 1.664845
1382412563.410918 577.410918 1.395010 1.664560
1382412563.910909 577.910909 1.393007 1.664506
1382412564.410879 578.410879 1.391942 1.664022
1382412564.910933 578.910934 1.392353 1.663331
1382412565.411038 579.411038 1.393055 1.664280
1382412565.911135 579.911136 1.391160 1.663252
1382412566.411057 580.411056 1.391443 1.663359
1382412566.911173 580.911173 1.389921 1.662928
1382412567.411171 581.411171 1.390593 1.663693
1382412567.911024 581.911024 1.391689 1.662589
1382412568.411591 582.411591 1.390565 1.663298
1382412568.911735 582.911735 1.390437 1.663890
1382412569.411195 583.411195 1.391354 1.664619
1382412569.911114 583.911113 1.389852 1.663515
1382412570.411134 584.411134 1.388789 1.663125
1382412570.911117 584.911117 1.387701 1.663981
1382412571.411156 585.411156 1.389418 1.664662
1382412571.911326 585.911326 1.387954 1.665164
1382412572.411287 586.411287 1.388069 1.664736
1382412572.911058 586.911058 1.387742 1.664065
1382412573.411128 587.411128 1.388764 1.663951
1382412573.911242 587.911242 1.388968 1.664529
1382412574.421223 588.421224 1.387364 1.663849
1382412574.921391 588.921390 1.387989 1.664983
1382412575.411417 589.411416 1.387900 1.664188
1382412575.911344 589.911344 1.388401 1.664613
1382412576.411355 590.411355 1.387116 1.662783
1382412576.911299 590.911299 1.386725 1.663112
1382412577.411350 591.411350 1.388848 1.663135
1382412577.911319 591.911319 1.388293 1.663255
1382412578.411319 592.411320 1.388204 1.663336
1382412578.911216 592.911215 1.388674 1.662786
1382412579.411257 593.411257 1.388539 1.662974
1382412579.911283 593.911284 1.388365 1.662480
1382412580.411338 594.411338 1.389068 1.663614
1382412580.911661 594.911661 1.388999 1.664139
1382412581.412187 595.412187 1.387800 1.662844
1382412581.911892 595.911893 1.389665 1.663767
1382412582.411392 596.411392 1.388528 1.664749
1382412582.911316 596.911317 1.389893 1.662747
1382412583.411374 597.411374 1.389601 1.663535
1382412583.911468 597.911468 1.390061 1.663594
1382412584.411419 598.411420 1.390496 1.663474
1382412584.911300 598.911300 1.389047 1.664687
1382412585.411375 599.411375 1.389349 1.664208
1382412585.911635 599.911635 1.390049 1.663316
1382412586.411621 600.411621 1.391441 1.664608
1382412586.911848 600.911848 1.391400 1.662656
1382412587.411857 601.411857 1.391929 1.663183
1382412587.911506 601.911506 1.393505 1.663403
1382412588.411486 602.411486 1.390774 1.664078
1382412588.911632 602.911632 1.389742 1.664053
1382412589.411737 603.411737 1.387192 1.664093
1382412589.911552 603.911552 1.382586 1.664438
1382412590.411483 604.411482 1.379830 1.663326
1382412590.911419 604.911419 1.375788 1.663464
1382412591.411610 605.411610 1.373226 1.663808
1382412591.911863 605.911863 1.368573 1.663849
1382412592.411691 606.411691 1.363604 1.663122
1382412592.911424 606.911424 1.359823 1.665562
1382412593.411694 607.411694 1.356280 1.665429
1382412593.911975 607.911975 1.351850 1.663948
1382412594.411723 608.411723 1.347438 1.663910
1382412594.921475 608.921475 1.345433 1.664346
1382412595.421494 609.421494 1.342553 1.664784
1382412595.911721 609.911721 1.339036 1.664873
1382412596.411784 610.411784 1.334815 1.664333
1382412596.931453 610.931452 1.330699 1.664160
1382412597.431522 611.431522 1.328316 1.663785
1382412597.911697 611.911697 1.326901 1.664891
1382412598.411640 612.411640 1.326594 1.665735
1382412598.911484 612.911484 1.321901 1.665276
1382412599.411644 613.411644 1.317875 1.665712
1382412599.913021 613.913020 1.314211 1.665014
1382412600.412973 614.412973 1.312349 1.664568
1382412600.885309 614.885309 1.309268 1.664924
1382412601.359009 615.359009 1.305374 1.664445
1382412601.859149 615.859150 1.303389 1.666334
1382412602.359250 616.359250 1.297559 1.665167
1382412602.859221 616.859221 1.293479 1.664871
1382412603.359238 617.359239 1.289982 1.665577
1382412603.859918 617.859918 1.285378 1.665098
1382412604.359869 618.359869 1.284425 1.664930
1382412604.859130 618.859130 1.281929 1.664088
1382412605.359264 619.359264 1.280054 1.664981
1382412605.859305 619.859305 1.273430 1.664766
1382412606.359254 620.359254 1.269692 1.664677
1382412606.859240 620.859240 1.266261 1.665368
1382412607.359318 621.359318 1.261706 1.665488
1382412607.864381 621.864381 1.257230 1.663364
1382412608.364391 622.364391 1.254655 1.664652
1382412608.869492 622.869491 1.252144 1.663808
1382412609.374470 623.374471 1.248457 1.662898
1382412609.874506 623.874505 1.246636 1.664843
1382412610.379413 624.379413 1.242689 1.664896
1382412610.879255 624.879255 1.242676 1.665457
1382412611.379381 625.379381 1.237388 1.665847
1382412611.869437 625.869438 1.233995 1.664568
1382412612.369462 626.369462 1.230078 1.665213
1382412612.869644 626.869645 1.224604 1.666041
1382412613.359710 627.359709 1.223615 1.665241
1382412613.859567 627.859567 1.223068 1.664593
1382412614.359499 628.359499 1.221318 1.665559
1382412614.859564 628.859563 1.216860 1.664759
1382412615.359596 629.359595 1.213629 1.665557
1382412615.859631 629.859631 1.208478 1.666523
1382412616.359726 630.359726 1.202771 1.665350
1382412616.859669 630.859669 1.199207 1.666984
1382412617.359617 631.359618 1.195449 1.666372
1382412617.859586 631.859587 1.192853 1.666102
1382412618.359863 632.359863 1.189624 1.666408
1382412618.859943 632.859944 1.186860 1.667048
1382412619.359697 633.359697 1.182581 1.665605
1382412619.859803 633.859803 1.181089 1.666250
1382412620.359971 634.359971 1.178659 1.666905
1382412620.859998 634.859998 1.176393 1.666768
1382412621.359955 635.359954 1.174975 1.666566
1382412621.859793 635.859793 1.171897 1.666163
1382412622.379675 636.379675 1.169546 1.665748
1382412622.879677 636.879677 1.167403 1.666021
1382412623.359893 637.359892 1.165451 1.665159
1382412623.859845 637.859845 1.163990 1.666796
1382412624.359953 638.359953 1.160687 1.666785
1382412624.860026 638.860026 1.159299 1.665460
1382412625.359928 639.359928 1.155925 1.665067
1382412625.859937 639.859937 1.152678 1.665954
1382412626.359972 640.359972 1.151280 1.664825
1382412626.859926 640.859927 1.150429 1.665809
1382412627.360000 641.360000 1.145695 1.665307
1382412627.859958 641.859958 1.143440 1.665444
1382412628.360066 642.360067 1.140121 1.664634
1382412628.860160 642.860160 1.138867 1.666367
1382412629.360113 643.360114 1.137702 1.665886
1382412629.860092 643.860092 1.133688 1.667333
1382412630.360147 644.360146 1.131895 1.664998
1382412630.860147 644.860147 1.130750 1.665603
1382412631.360125 645.360125 1.126241 1.665503
1382412631.861042 645.861043 1.124483 1.664807
1382412632.361124 646.361124 1.122585 1.666472
1382412632.860223 646.860223 1.119655 1.665908
1382412633.360169 647.360169 1.119290 1.664843
1382412633.860158 647.860159 1.117524 1.666209
1382412634.360219 648.360219 1.116324 1.665424
1382412634.860194 648.860194 1.115779 1.665975
1382412635.360183 649.360183 1.113496 1.665414
1382412635.860276 649.860275 1.111633 1.665710
1382412636.360341 650.360341 1.109260 1.664958
1382412636.860248 650.860248 1.107063 1.665498
1382412637.365210 651.365210 1.105801 1.663920
1382412637.865410 651.865409 1.106976 1.666242
1382412638.360498 652.360499 1.105678 1.665577
1382412638.860367 652.860366 1.106222 1.665271
1382412639.360348 653.360348 1.105236 1.665526
1382412639.860667 653.860667 1.102791 1.665136
1382412640.360716 654.360716 1.102293 1.664331
1382412640.860439 654.860439 1.100620 1.665200
1382412641.360464 655.360464 1.097830 1.666564
1382412641.860513 655.860513 1.094133 1.665090
1382412642.360521 656.360520 1.093308 1.665095
1382412642.860401 656.860401 1.091893 1.664703
1382412643.360508 657.360508 1.089149 1.665865
1382412643.860603 657.860603 1.087649 1.665643
1382412644.360559 658.360559 1.087105 1.665666
1382412644.860539 658.860539 1.082854 1.664907
1382412645.360550 659.360550 1.080951 1.665001
1382412645.860730 659.860730 1.078692 1.664389
1382412646.360722 660.360722 1.077326 1.665001
1382412646.860513 660.860513 1.074996 1.666640
1382412647.360890 661.360891 1.073488 1.666477
1382412647.860973 661.860973 1.072119 1.663448
1382412648.360709 662.360710 1.070126 1.665391
1382412648.860635 662.860635 1.068892 1.663979
1382412649.360600 663.360600 1.067546 1.663984
1382412649.860670 663.860669 1.065747 1.664183
1382412650.360673 664.360673 1.063931 1.665388
1382412650.860832 664.860833 1.063949 1.664175
1382412651.360903 665.360903 1.061959 1.665026
1382412651.860835 665.860835 1.058226 1.664404
1382412652.370668 666.370668 1.057580 1.664524
1382412652.880674 666.880674 1.056055 1.664257
1382412653.370876 667.370876 1.054903 1.664726
1382412653.860904 667.860905 1.054931 1.666403
1382412654.361062 668.361062 1.053124 1.666849
1382412654.860991 668.860992 1.051262 1.665414
1382412655.360850 669.360850 1.050355 1.664440
1382412655.860902 669.860901 1.050450 1.664695
1382412656.361126 670.361126 1.049042 1.665712
1382412656.861193 670.861193 1.047829 1.666966
1382412657.361023 671.361023 1.045654 1.665982
1382412657.860998 671.860998 1.044372 1.665279
1382412658.365851 672.365851 1.044635 1.666796
1382412658.865780 672.865780 1.043506 1.666518
1382412659.365956 673.365955 1.041600 1.664522
1382412659.871043 673.871044 1.039837 1.666151
1382412660.376098 674.376098 1.039615 1.666265
1382412660.881171 674.881171 1.037017 1.665215
1382412661.380986 675.380986 1.036588 1.666209
1382412661.881102 675.881102 1.035412 1.664922
1382412662.371423 676.371424 1.034863 1.665868
1382412662.871453 676.871452 1.032763 1.665674
1382412663.371365 677.371365 1.031516 1.665009
1382412663.861100 677.861100 1.030339 1.665557
1382412664.361165 678.361165 1.030431 1.665832
1382412664.861266 678.861266 1.029115 1.666329
1382412665.361294 679.361294 1.026358 1.664211
1382412665.871268 679.871267 1.026085 1.664499
1382412666.381134 680.381134 1.024075 1.664596
1382412666.881465 680.881465 1.024261 1.666936
1382412667.371658 681.371658 1.022713 1.664978
1382412667.861257 681.861257 1.021607 1.665643
1382412668.366120 682.366120 1.019394 1.664667
1382412668.886140 682.886140 1.018679 1.665995
1382412669.381257 683.381257 1.017900 1.666003
1382412669.861305 683.861305 1.017261 1.667089
1382412670.361386 684.361386 1.017016 1.666765
1382412670.861567 684.861568 1.015233 1.664537
1382412671.361685 685.361685 1.015414 1.664912
1382412671.862078 685.862078 1.012754 1.665019
1382412672.362035 686.362035 1.009906 1.665526
1382412672.861594 686.861594 1.008894 1.666365
1382412673.361597 687.361597 1.009472 1.666329
1382412673.861425 687.861425 1.009454 1.666755
1382412674.361384 688.361385 1.007213 1.667568
1382412674.861428 688.861429 1.007405 1.666706
1382412675.361487 689.361487 1.006618 1.666202
1382412675.861541 689.861540 1.005146 1.666696
1382412676.361552 690.361552 1.004255 1.667887
1382412676.861635 690.861635 1.004066 1.668460
1382412677.371531 691.371531 1.003192 1.667800
1382412677.866440 691.866440 1.004028 1.667142
1382412678.356642 692.356643 1.002183 1.667894
1382412678.861697 692.861697 1.001618 1.668119
1382412679.361652 693.361652 1.000962 1.668422
1382412679.861648 693.861647 0.999899 1.667346
1382412680.361657 694.361657 0.999932 1.668042
1382412680.861630 694.861630 0.999608 1.667532
1382412681.382349 695.382348 0.998882 1.668588
1382412681.877330 695.877329 0.997751 1.666332
1382412682.356797 696.356797 0.997469 1.667609
1382412682.861781 696.861781 0.994590 1.666768
1382412683.356698 697.356697 0.992322 1.665934
1382412683.856836 697.856836 0.992383 1.668134
1382412684.361861 698.361861 0.990733 1.667642
1382412684.861948 698.861948 0.991389 1.667298
1382412685.362035 699.362035 0.991302 1.666933
1382412685.861886 699.861886 0.988653 1.667751
1382412686.361926 700.361926 0.988262 1.668012
1382412686.861923 700.861923 0.987434 1.667693
1382412687.362087 701.362088 0.987179 1.667425
1382412687.872291 701.872291 0.986872 1.668187
1382412688.367171 702.367171 0.986855 1.666734
1382412688.867350 702.867350 0.984320 1.667818
1382412689.367157 703.367158 0.982884 1.666602
1382412689.856829 703.856830 0.982785 1.666655
1382412690.362032 704.362033 0.982141 1.665850
1382412690.862065 704.862065 0.980263 1.667614
1382412691.356997 705.356996 0.979842 1.667685
1382412691.857207 705.857207 0.979006 1.666230
1382412692.362356 706.362356 0.979300 1.665824
1382412692.862714 706.862714 0.979247 1.666482
1382412693.382639 707.382639 0.979014 1.667440
1382412693.882097 707.882097 0.979931 1.667155
1382412694.382133 708.382132 0.979172 1.666638
1382412694.902079 708.902079 0.978166 1.667081
1382412695.382009 709.382009 0.978391 1.667915
1382412695.857123 709.857123 0.977686 1.668437
1382412696.357289 710.357289 0.978963 1.668353
1382412696.862269 710.862270 0.978046 1.667930
1382412697.362244 711.362244 0.976802 1.667265
1382412697.857282 711.857283 0.976702 1.667430
1382412698.377130 712.377130 0.976288 1.667099
1382412698.882135 712.882135 0.974709 1.667045
1382412699.362305 713.362305 0.974155 1.667191
1382412699.862557 713.862558 0.972522 1.668402
1382412700.372591 714.372591 0.970673 1.665753
1382412700.872324 714.872325 0.971023 1.666745
1382412701.362324 715.362324 0.969791 1.666989
1382412701.857363 715.857363 0.971409 1.668070
1382412702.357378 716.357379 0.970578 1.668259
1382412702.862382 716.862382 0.970052 1.666179
1382412703.377342 717.377342 0.968885 1.666783
1382412703.872451 717.872451 0.966815 1.667565
1382412704.352411 718.352411 0.965528 1.668055
1382412704.867398 718.867398 0.965236 1.668180
1382412705.367787 719.367787 0.964439 1.667994
1382412705.852748 719.852748 0.962991 1.667667
1382412706.377567 720.377567 0.962436 1.667076
1382412706.877642 720.877642 0.962794 1.667545
1382412707.377476 721.377475 0.962196 1.668422
1382412707.902404 721.902404 0.962206 1.667101
1382412708.382662 722.382662 0.961277 1.666821
1382412708.882624 722.882624 0.959373 1.666992
1382412709.407391 723.407390 0.959366 1.666732
1382412709.887523 723.887523 0.959161 1.668394
1382412710.367571 724.367571 0.957853 1.668463
1382412710.882614 724.882614 0.958318 1.668037
1382412711.392740 725.392740 0.957317 1.668998
1382412711.902729 725.902728 0.956581 1.668669
1382412712.392673 726.392672 0.955260 1.667864
1382412712.862588 726.862589 0.953623 1.667216
1382412713.387633 727.387632 0.953347 1.668430
1382412713.892678 727.892678 0.951883 1.667792
1382412714.362821 728.362821 0.948866 1.668733
1382412714.883022 728.883021 0.946571 1.667986
1382412715.377926 729.377926 0.945419 1.667262
1382412715.852676 729.852676 0.944400 1.668483
1382412716.376367 730.376367 0.942578 1.668142
1382412716.876397 730.876397 0.943309 1.669648
1382412717.352773 731.352773 0.941978 1.670698
1382412717.872793 731.872793 0.941383 1.669798
1382412718.372885 732.372886 0.940989 1.670224
1382412718.872792 732.872792 0.941293 1.670624
1382412719.393374 733.393374 0.939768 1.670145
1382412719.893516 733.893516 0.938164 1.669217
1382412720.392953 734.392954 0.940105 1.669406
1382412720.892999 734.893000 0.938422 1.667932
1382412721.372943 735.372943 0.937586 1.668103
1382412721.853586 735.853587 0.938360 1.669355
1382412722.353613 736.353613 0.939768 1.669916
1382412722.872873 736.872873 0.939732 1.668916
1382412723.392962 737.392962 0.938544 1.670104
1382412723.892970 737.892970 0.939329 1.669340
1382412724.392981 738.392981 0.938279 1.669689
1382412724.893025 738.893025 0.939740 1.668093
1382412725.373230 739.373230 0.939806 1.669538
1382412725.868224 739.868224 0.939127 1.668955
1382412726.368014 740.368014 0.939446 1.670357
1382412726.853020 740.853020 0.939702 1.669291
1382412727.362984 741.362985 0.938177 1.669745
1382412727.878100 741.878100 0.939564 1.670168
1382412728.388221 742.388220 0.938994 1.670609
1382412728.893147 742.893147 0.937395 1.670520
1382412729.383074 743.383074 0.936130 1.669370
1382412729.883095 743.883095 0.936370 1.669281
1382412730.393117 744.393118 0.936437 1.668802
1382412730.873166 744.873166 0.934383 1.668970
1382412731.353285 745.353285 0.933736 1.669513
1382412731.863193 745.863193 0.933330 1.670329
1382412732.383396 746.383396 0.931585 1.671045
1382412732.893435 746.893434 0.931067 1.670092
1382412733.383279 747.383279 0.930413 1.669656
1382412733.873349 747.873349 0.930719 1.670775
1382412734.383396 748.383397 0.929787 1.671392
1382412734.873428 748.873428 0.929833 1.670436
1382412735.373424 749.373423 0.929383 1.670181
1382412735.873430 749.873430 0.928880 1.671450
1382412736.373530 750.373530 0.929792 1.669103
1382412736.893389 750.893389 0.929588 1.671315
1382412737.393314 751.393314 0.929613 1.670818
1382412737.883332 751.883332 0.929421 1.671947
1382412738.383733 752.383733 0.930142 1.671698
1382412738.893761 752.893761 0.928576 1.671376
1382412739.393467 753.393467 0.928435 1.671313
1382412739.883555 753.883556 0.926471 1.672042
1382412740.383574 754.383574 0.926187 1.669890
1382412740.893522 754.893522 0.925835 1.672248
1382412741.393583 755.393583 0.925852 1.671639
1382412741.883664 755.883664 0.924843 1.672355
1382412742.383656 756.383655 0.923834 1.672044
1382412742.903569 756.903569 0.923850 1.671662
1382412743.403578 757.403578 0.922672 1.670563
1382412743.893581 757.893582 0.921668 1.670895
1382412744.393641 758.393641 0.921609 1.671601
1382412744.884484 758.884484 0.921673 1.671007
1382412745.379379 759.379378 0.920988 1.671486
1382412745.868702 759.868702 0.920337 1.673268
1382412746.368708 760.368708 0.919657 1.672422
1382412746.879010 760.879010 0.918336 1.671315
1382412747.384109 761.384109 0.917754 1.672707
1382412747.893724 761.893724 0.915912 1.672495
1382412748.373727 762.373727 0.914509 1.672620
1382412748.873751 762.873751 0.911876 1.672083
1382412749.393789 763.393789 0.912593 1.672289
1382412749.893838 763.893838 0.911050 1.672674
1382412750.393868 764.393869 0.910470 1.670568
1382412750.894080 764.894080 0.909862 1.670762
1382412751.394243 765.394243 0.910049 1.671213
1382412751.894066 765.894066 0.909257 1.671629
1382412752.373888 766.373888 0.907923 1.671596
1382412752.873871 766.873871 0.907974 1.670986
1382412753.373952 767.373953 0.906235 1.670415
1382412753.854072 767.854072 0.903718 1.670482
1382412754.354046 768.354046 0.903174 1.670372
1382412754.873938 768.873938 0.901623 1.671955
1382412755.374292 769.374292 0.899963 1.672169
1382412755.854394 769.854394 0.898823 1.671178
1382412756.354078 770.354078 0.900578 1.670008
1382412756.854009 770.854009 0.898793 1.670507
1382412757.354297 771.354297 0.898481 1.672072
1382412757.854765 771.854765 0.896575 1.671389
1382412758.374623 772.374623 0.895763 1.673576
1382412758.879170 772.879170 0.894049 1.672200
1382412759.374105 773.374106 0.893259 1.672411
1382412759.874358 773.874358 0.892649 1.671211
1382412760.374430 774.374430 0.891966 1.671203
1382412760.884625 774.884625 0.890314 1.671863
1382412761.384646 775.384646 0.888809 1.671713
1382412761.889395 775.889395 0.887158 1.671272
1382412762.394806 776.394807 0.886167 1.673523
1382412762.904635 776.904635 0.885076 1.671557
1382412763.390160 777.390159 0.883922 1.670940
1382412763.890184 777.890185 0.883492 1.672495
1382412764.415487 778.415486 0.883004 1.672857
1382412764.890700 778.890700 0.882833 1.673854
1382412765.384628 779.384628 0.882818 1.673811
1382412765.884706 779.884705 0.882345 1.673168
1382412766.364616 780.364616 0.881837 1.673161
1382412766.809247 780.809247 0.881837 1.673161
1382412767.004277 781.004277 0.881837 1.673161
1382412767.005075 781.005075 0.881837 1.673161
1382412767.005763 781.005763 0.881837 1.673161
1382412767.006434 781.006434 0.881837 1.673161
1382412767.007107 781.007107 0.881837 1.673161
1382412767.007777 781.007777 0.881837 1.673161
1382412767.008448 781.008448 0.881837 1.673161
1382412767.009119 781.009119 0.881837 1.673161
1382412767.009790 781.009790 0.881837 1.673161
1382412767.010458 781.010459 0.881837 1.673161
1382412767.011130 781.011129 0.881837 1.673161
1382412767.011799 781.011799 0.881837 1.673161
1382412767.012590 781.012590 0.881837 1.673161
1382412767.013420 781.013420 0.881837 1.673161
1382412767.014119 781.014120 0.881837 1.673161
1382412767.014793 781.014793 0.881837 1.673161
1382412767.015467 781.015467 0.881837 1.673161
1382412767.016138 781.016138 0.881837 1.673161
1382412767.016810 781.016810 0.881837 1.673161
1382412767.017480 781.017480 0.881837 1.673161
1382412767.018153 781.018154 0.881837 1.673161
1382412767.018866 781.018866 0.881837 1.673161
1382412767.019584 781.019584 0.881837 1.673161
1382412767.020252 781.020252 0.881837 1.673161
1382412767.020921 781.020921 0.881837 1.673161
1382412767.021588 781.021588 0.881837 1.673161
1382412767.022295 781.022295 0.881837 1.673161
1382412767.023138 781.023138 0.881837 1.673161
1382412767.024025 781.024026 0.881837 1.673161
1382412767.024771 781.024772 0.881837 1.673161
1382412767.025455 781.025455 0.881837 1.673161
1382412767.026124 781.026124 0.881837 1.673161
1382412767.026797 781.026796 0.881837 1.673161
1382412767.027464 781.027464 0.881837 1.673161
1382412767.028133 781.028133 0.881837 1.673161
1382412767.028798 781.028798 0.881837 1.673161
1382412767.029464 781.029465 0.881837 1.673161
1382412767.030132 781.030132 0.881837 1.673161
1382412767.030801 781.030801 0.881837 1.673161
1382412767.031470 781.031470 0.881837 1.673161
1382412767.032141 781.032141 0.881837 1.673161
1382412767.032876 781.032875 0.881837 1.673161
1382412767.033566 781.033566 0.881837 1.673161
1382412767.034236 781.034236 0.881837 1.673161
1382412767.034904 781.034905 0.881837 1.673161
1382412767.035645 781.035645 0.881837 1.673161
1382412767.036337 781.036337 0.881837 1.673161
1382412767.037003 781.037003 0.881837 1.673161
1382412767.037673 781.037673 0.881837 1.673161
1382412767.038336 781.038336 0.881837 1.673161
1382412767.039002 781.039003 0.881837 1.673161
1382412767.039666 781.039666 0.881837 1.673161
1382412767.040332 781.040332 0.881837 1.673161
1382412767.040994 781.040994 0.881837 1.673161
1382412767.041661 781.041661 0.881837 1.673161
1382412767.042486 781.042486 0.881837 1.673161
1382412767.043413 781.043414 0.881837 1.673161
1382412767.044164 781.044164 0.881837 1.673161
1382412767.044848 781.044848 0.881837 1.673161
1382412767.045520 781.045520 0.881837 1.673161
1382412767.046192 781.046193 0.881837 1.673161
1382412767.046860 781.046861 0.881837 1.673161
1382412767.047530 781.047530 0.881837 1.673161
1382412767.048197 781.048197 0.881837 1.673161
1382412767.048866 781.048866 0.881837 1.673161
1382412767.049533 781.049533 0.881837 1.673161
1382412767.050200 781.050200 0.881837 1.673161
1382412767.050865 781.050865 0.881837 1.673161
1382412767.051532 781.051532 0.881837 1.673161
1382412767.052418 781.052418 0.881837 1.673161
1382412767.053224 781.053224 0.881837 1.673161
1382412767.053921 781.053920 0.881837 1.673161
1382412767.054600 781.054601 0.881837 1.673161
1382412767.055274 781.055275 0.881837 1.673161
1382412767.055953 781.055953 0.881837 1.673161
1382412767.056628 781.056628 0.881837 1.673161
1382412767.057307 781.057307 0.881837 1.673161
1382412767.057978 781.057978 0.881837 1.673161
1382412767.058652 781.058652 0.881837 1.673161
1382412767.059323 781.059323 0.881837 1.673161
1382412767.059997 781.059997 0.881837 1.673161
1382412767.060669 781.060669 0.881837 1.673161
1382412767.061347 781.061347 0.881837 1.673161
1382412767.062018 781.062018 0.881837 1.673161
1382412767.062770 781.062770 0.881837 1.673161
1382412767.063539 781.063538 0.881837 1.673161
1382412767.064219 781.064218 0.881837 1.673161
1382412767.064884 781.064884 0.881837 1.673161
1382412767.065552 781.065552 0.881837 1.673161
1382412767.066218 781.066218 0.881837 1.673161
1382412767.066890 781.066891 0.881837 1.673161
1382412767.067558 781.067557 0.881837 1.673161
1382412767.068230 781.068230 0.881837 1.673161
1382412767.068942 781.068942 0.881837 1.673161
1382412767.069668 781.069667 0.881837 1.673161
1382412767.070344 781.070344 0.881837 1.673161
1382412767.071019 781.071019 0.881837 1.673161
1382412767.071687 781.071687 0.881837 1.673161
1382412767.072371 781.072372 0.881837 1.673161
1382412767.077690 781.077690 0.881837 1.673161
1382412767.092707 781.092708 0.881837 1.673161
1382412767.202764 781.202763 0.881837 1.673161
1382412767.412724 781.412724 0.881837 1.673161
1382412767.472722 781.472721 0.881837 1.673161
1382412767.522728 781.522728 0.881837 1.673161
1382412767.567743 781.567742 0.881837 1.673161
1382412767.617771 781.617771 0.881837 1.673161
1382412767.912877 781.912877 0.881837 1.673161
1382412767.942705 781.942705 0.881837 1.673161
1382412767.992699 781.992699 0.881837 1.673161
1382412768.062799 782.062799 0.881837 1.673161
1382412768.142793 782.142793 0.881837 1.673161
1382412768.202735 782.202735 0.881837 1.673161
1382412768.282841 782.282841 0.881837 1.673161
1382412768.362785 782.362785 0.881837 1.673161
1382412768.442685 782.442685 0.881837 1.673161
1382412768.532703 782.532703 0.881837 1.673161
1382412768.592805 782.592805 0.881837 1.673161
1382412768.652815 782.652815 0.881837 1.673161
1382412768.752926 782.752926 0.881837 1.673161
1382412768.833163 782.833163 0.881837 1.673161
1382412768.854875 782.854875 0.881837 1.673161
1382412768.875905 782.875905 0.881837 1.673161
1382412768.894062 782.894061 0.881837 1.673161
1382412768.912955 782.912954 0.881837 1.673161
1382412768.933399 782.933400 0.881837 1.673161
1382412768.953274 782.953273 0.881837 1.673161
1382412768.977720 782.977720 0.881837 1.673161
1382412769.057748 783.057748 0.881837 1.673161
1382412769.162910 783.162910 0.881837 1.673161
1382412769.322793 783.322794 0.881837 1.673161
1382412769.382804 783.382804 0.881837 1.673161
1382412769.482808 783.482808 0.881837 1.673161
1382412769.552778 783.552778 0.881837 1.673161
1382412769.592763 783.592764 0.881837 1.673161
1382412769.712834 783.712834 0.881837 1.673161
1382412769.852898 783.852898 0.881837 1.673161
1382412769.952815 783.952815 0.881837 1.673161
1382412770.047877 784.047877 0.881837 1.673161
1382412770.228951 784.228952 0.881837 1.673161
1382412770.284041 784.284041 0.881837 1.673161
1382412770.322988 784.322988 0.881837 1.673161
1382412770.363071 784.363071 0.881837 1.673161
1382412770.413174 784.413174 0.881837 1.673161
1382412770.458106 784.458105 0.881837 1.673161
1382412770.487797 784.487797 0.881837 1.673161
1382412770.542895 784.542894 0.881837 1.673161
1382412770.682798 784.682798 0.881837 1.673161
1382412770.752835 784.752835 0.881837 1.673161
1382412770.843012 784.843012 0.881837 1.673161
1382412770.957931 784.957931 0.881837 1.673161
1382412771.057861 785.057860 0.881837 1.673161
1382412771.197790 785.197790 0.881837 1.673161
1382412771.252809 785.252809 0.881837 1.673161
1382412771.322894 785.322894 0.881837 1.673161
1382412771.412960 785.412959 0.881837 1.673161
1382412771.483202 785.483203 0.881837 1.673161
1382412771.523246 785.523245 0.881837 1.673161
1382412771.543122 785.543121 0.881837 1.673161
1382412771.662833 785.662833 0.881837 1.673161
1382412771.712833 785.712833 0.881837 1.673161
1382412771.783331 785.783331 0.881837 1.673161
1382412771.843441 785.843441 0.881837 1.673161
1382412771.883002 785.883002 0.881837 1.673161
1382412771.943057 785.943057 0.881837 1.673161
1382412771.983004 785.983004 0.881837 1.673161
1382412772.067881 786.067881 0.881837 1.673161
1382412772.197883 786.197883 0.881837 1.673161
1382412772.272831 786.272832 0.881837 1.673161
1382412772.357843 786.357843 0.881837 1.673161
1382412772.457907 786.457907 0.881837 1.673161
1382412772.562856 786.562857 0.881837 1.673161
1382412772.652907 786.652907 0.881837 1.673161
1382412772.713022 786.713022 0.881837 1.673161
1382412772.793529 786.793529 0.881837 1.673161
1382412772.843621 786.843621 0.881837 1.673161
1382412772.863168 786.863168 0.881837 1.673161
1382412773.022818 787.022818 0.881837 1.673161
1382412773.122956 787.122956 0.881837 1.673161
1382412773.203130 787.203131 0.881837 1.673161
1382412773.283256 787.283256 0.881837 1.673161
1382412773.324481 787.324481 0.881837 1.673161
1382412773.354286 787.354286 0.881837 1.673161
1382412773.403048 787.403048 0.881837 1.673161
1382412773.532986 787.532986 0.881837 1.673161
1382412773.603025 787.603025 0.881837 1.673161
1382412773.672898 787.672898 0.881837 1.673161
1382412773.722917 787.722916 0.881837 1.673161
1382412773.788001 787.788001 0.881837 1.673161
1382412774.012906 788.012906 0.881837 1.673161
1382412774.067882 788.067882 0.881837 1.673161
1382412774.127942 788.127942 0.881837 1.673161
1382412774.213022 788.213023 0.881837 1.673161
1382412774.323030 788.323030 0.881837 1.673161
1382412774.472990 788.472990 0.881837 1.673161
1382412774.543095 788.543095 0.881837 1.673161
1382412774.623144 788.623144 0.881837 1.673161
1382412774.693083 788.693083 0.881837 1.673161
1382412774.767974 788.767974 0.881837 1.673161
1382412774.897974 788.897974 0.881837 1.673161
1382412775.053109 789.053109 0.881837 1.673161
1382412775.168043 789.168043 0.881837 1.673161
1382412775.267982 789.267982 0.881837 1.673161
1382412775.452925 789.452925 0.881837 1.673161
1382412775.512953 789.512953 0.881837 1.673161
1382412775.592968 789.592968 0.881837 1.673161
1382412775.672948 789.672948 0.881837 1.673161
1382412775.773018 789.773018 0.881837 1.673161
1382412775.972960 789.972960 0.881837 1.673161
1382412776.042948 790.042948 0.881837 1.673161
1382412776.132955 790.132955 0.881837 1.673161
1382412776.203074 790.203073 0.881837 1.673161
1382412776.283267 790.283266 0.881837 1.673161
1382412776.343262 790.343262 0.881837 1.673161
1382412776.473145 790.473145 0.881837 1.673161
1382412776.543180 790.543180 0.881837 1.673161
1382412776.663404 790.663403 0.881837 1.673161
1382412776.743464 790.743464 0.881837 1.673161
1382412776.793304 790.793304 0.881837 1.673161
1382412776.943243 790.943243 0.881837 1.673161
1382412777.118048 791.118048 0.881837 1.673161
1382412777.248069 791.248069 0.881837 1.673161
1382412777.383121 791.383122 0.881837 1.673161
1382412777.543355 791.543355 0.881837 1.673161
1382412777.593142 791.593141 0.881837 1.673161
1382412777.653040 791.653041 0.881837 1.673161
1382412777.703084 791.703085 0.881837 1.673161
1382412777.783377 791.783378 0.881837 1.673161
1382412777.843345 791.843345 0.881837 1.673161
1382412777.893274 791.893274 0.881837 1.673161
1382412777.943284 791.943284 0.881837 1.673161
1382412778.073133 792.073133 0.881837 1.673161
1382412778.123199 792.123199 0.881837 1.673161
1382412778.213104 792.213103 0.881837 1.673161
1382412778.293086 792.293086 0.881837 1.673161
1382412778.374518 792.374518 0.881837 1.673161
1382412778.444493 792.444493 0.881837 1.673161
1382412778.543026 792.543026 0.881837 1.673161
1382412778.603106 792.603105 0.881837 1.673161
1382412778.673106 792.673106 0.881837 1.673161
1382412778.743032 792.743031 0.881837 1.673161
1382412778.843119 792.843119 0.881837 1.673161
1382412779.023257 793.023257 0.881837 1.673161
1382412779.053111 793.053110 0.881837 1.673161
1382412779.113061 793.113062 0.881837 1.673161
1382412779.193160 793.193160 0.881837 1.673161
1382412779.273168 793.273168 0.881837 1.673161
1382412779.368067 793.368066 0.881837 1.673161
1382412779.488101 793.488102 0.881837 1.673161
1382412779.573186 793.573186 0.881837 1.673161
1382412779.633127 793.633127 0.881837 1.673161
1382412779.703061 793.703061 0.881837 1.673161
1382412779.783130 793.783130 0.881837 1.673161
1382412779.873171 793.873170 0.881837 1.673161
1382412780.013367 794.013367 0.881837 1.673161
1382412780.118383 794.118384 0.881837 1.673161
1382412780.158125 794.158125 0.881837 1.673161
1382412780.223166 794.223166 0.881837 1.673161
1382412780.303185 794.303184 0.881837 1.673161
1382412780.383198 794.383198 0.881837 1.673161
1382412780.528095 794.528095 0.881837 1.673161
1382412780.588109 794.588109 0.881837 1.673161
1382412780.683158 794.683159 0.881837 1.673161
1382412780.763157 794.763157 0.881837 1.673161
1382412780.853182 794.853182 0.881837 1.673161
1382412781.023311 795.023311 0.881837 1.673161
1382412781.043188 795.043187 0.881837 1.673161
1382412781.083323 795.083323 0.881837 1.673161
1382412781.123420 795.123420 0.881837 1.673161
1382412781.143359 795.143359 0.881837 1.673161
1382412781.193516 795.193517 0.881837 1.673161
1382412781.243465 795.243465 0.881837 1.673161
1382412781.293238 795.293238 0.881837 1.673161
1382412781.383291 795.383291 0.881837 1.673161
1382412781.553155 795.553155 0.881837 1.673161
1382412781.613348 795.613347 0.881837 1.673161
1382412781.643460 795.643460 0.881837 1.673161
1382412781.703257 795.703257 0.881837 1.673161
1382412781.763248 795.763248 0.881837 1.673161
1382412781.833817 795.833817 0.881837 1.673161
1382412781.903831 795.903831 0.881837 1.673161
1382412781.923526 795.923526 0.881837 1.673161
1382412781.943420 795.943420 0.881837 1.673161
1382412782.103170 796.103170 0.881837 1.673161
1382412782.153115 796.153115 0.881837 1.673161
1382412782.223161 796.223161 0.881837 1.673161
1382412782.303248 796.303248 0.881837 1.673161
1382412782.383319 796.383319 0.881837 1.673161
1382412782.558168 796.558168 0.881837 1.673161
1382412782.628233 796.628234 0.881837 1.673161
1382412782.713363 796.713363 0.881837 1.673161
1382412782.784817 796.784818 0.881837 1.673161
1382412782.839707 796.839707 0.881837 1.673161
1382412782.868197 796.868197 0.881837 1.673161
1382412783.023299 797.023299 0.881837 1.673161
1382412783.073410 797.073410 0.881837 1.673161
1382412783.128351 797.128351 0.881837 1.673161
1382412783.213319 797.213318 0.881837 1.673161
1382412783.303361 797.303362 0.881837 1.673161
1382412829.510483 45.510483 0.835466 1.679307
1382412830.026317 46.026317 0.835451 1.676880
1382412830.516263 46.516264 0.835180 1.676579
1382412830.996346 46.996345 0.834950 1.676544
1382412831.486361 47.486360 0.835747 1.677477
1382412832.001348 48.001348 0.834863 1.678060
1382412832.501479 48.501479 0.834240 1.678473
1382412832.986532 48.986532 0.833241 1.677683
1382412833.486966 49.486966 0.833190 1.678741
1382412833.986943 49.986943 0.833578 1.678450
1382412834.486522 50.486522 0.833335 1.677122
1382412834.986592 50.986592 0.834725 1.676969
1382412835.486530 51.486530 0.834334 1.677186
1382412835.986610 51.986611 0.835307 1.677344
1382412836.496640 52.496640 0.834965 1.677334
1382412836.996718 52.996718 0.835134 1.677428
1382412837.486712 53.486712 0.835226 1.677487
1382412837.991579 53.991579 0.836237 1.677247
1382412838.491659 54.491659 0.835793 1.677502
1382412838.986767 54.986766 0.834947 1.677841
1382412839.486923 55.486923 0.834886 1.677780
1382412839.986984 55.986983 0.835231 1.678170
1382412840.486880 56.486880 0.835300 1.678356
1382412840.986841 56.986842 0.834986 1.678427
1382412841.486784 57.486784 0.834991 1.677948
1382412841.986796 57.986796 0.834160 1.678129
1382412842.486858 58.486858 0.834510 1.678448
1382412842.986882 58.986883 0.833941 1.677724
1382412843.486876 59.486876 0.834531 1.677767
1382412843.986905 59.986905 0.832947 1.678440
1382412844.486937 60.486937 0.831411 1.678300
1382412844.986832 60.986832 0.831662 1.678195
1382412845.486907 61.486908 0.830852 1.676844
1382412845.987217 61.987217 0.830980 1.678361
1382412846.487407 62.487408 0.829628 1.679024
1382412846.987194 62.987194 0.829641 1.677398
1382412847.487010 63.487010 0.830755 1.680457
1382412847.987027 63.987028 0.830786 1.678746
1382412848.487112 64.487112 0.830193 1.677336
1382412848.987060 64.987060 0.830668 1.678761
1382412849.486965 65.486966 0.830338 1.678761
1382412849.987061 65.987061 0.828923 1.677081
1382412850.487142 66.487142 0.830040 1.677298
1382412850.987201 66.987201 0.829268 1.678912
1382412851.487144 67.487144 0.828474 1.678532
1382412851.987014 67.987014 0.828310 1.679396
1382412852.487211 68.487211 0.828384 1.679159
1382412852.987437 68.987437 0.827076 1.677813
1382412853.487271 69.487271 0.826637 1.677492
1382412853.987222 69.987222 0.825983 1.678965
1382412854.487307 70.487307 0.825168 1.678772
1382412854.987292 70.987291 0.823954 1.678203
1382412855.487258 71.487258 0.821969 1.677303
1382412855.987277 71.987277 0.822115 1.678453
1382412856.487370 72.487370 0.822212 1.678252
1382412856.987491 72.987491 0.820452 1.678132
1382412857.487437 73.487437 0.820472 1.678766
1382412857.987373 73.987373 0.820498 1.678208
1382412858.487633 74.487633 0.819739 1.678881
1382412858.987549 74.987548 0.820017 1.678007
1382412859.487278 75.487278 0.819161 1.678698
1382412859.987381 75.987381 0.819167 1.679694
1382412860.487470 76.487470 0.824276 1.679154
1382412860.987538 76.987538 0.835274 1.679006
1382412861.487508 77.487508 0.834278 1.678619
1382412861.987504 77.987504 0.839390 1.678471
1382412862.487709 78.487709 0.842790 1.679103
1382412862.987727 78.987728 0.843930 1.679144
1382412863.487518 79.487518 0.844538 1.676712
1382412863.987850 79.987851 0.843472 1.678927
1382412864.487974 80.487974 0.843245 1.679610
1382412864.987630 80.987630 0.842775 1.679791
1382412865.487679 81.487680 0.841950 1.679768
1382412865.987606 81.987606 0.842218 1.680538
1382412866.487590 82.487590 0.842014 1.678032
1382412866.988058 82.988058 0.842670 1.680148
1382412867.487986 83.487986 0.842864 1.679735
1382412867.987652 83.987652 0.843580 1.680413
1382412868.487744 84.487744 0.842177 1.679077
1382412868.987770 84.987770 0.841411 1.680790
1382412869.487675 85.487676 0.842765 1.680390
1382412869.987721 85.987721 0.842887 1.681203
1382412870.487775 86.487775 0.843603 1.681497
1382412870.987780 86.987780 0.843516 1.680416
1382412871.487839 87.487839 0.843495 1.680536
1382412871.987836 87.987836 0.844479 1.680564
1382412872.487866 88.487867 0.844883 1.680755
1382412872.987767 88.987766 0.845761 1.679580
1382412873.487683 89.487683 0.845164 1.679062
1382412873.987808 89.987807 0.845222 1.679001
1382412874.487929 90.487929 0.845245 1.679126
1382412874.987937 90.987938 0.845641 1.679460
1382412875.487889 91.487889 0.844908 1.679088
1382412875.987940 91.987940 0.844241 1.680151
1382412876.488031 92.488032 0.843552 1.678884
1382412876.988037 92.988037 0.843271 1.679671
1382412877.487957 93.487957 0.843122 1.680819
1382412877.988166 93.988165 0.842182 1.680546
1382412878.488294 94.488294 0.841349 1.679246
1382412879.003011 95.003010 0.841053 1.679898
1382412879.502953 95.502953 0.840013 1.680237
1382412879.987992 95.987991 0.839461 1.681494
1382412880.488099 96.488099 0.838680 1.681369
1382412881.003479 97.003480 0.837349 1.681634
1382412881.503855 97.503854 0.837364 1.681316
1382412881.988951 97.988951 0.837880 1.681379
1382412882.488583 98.488583 0.838266 1.682478
1382412882.988547 98.988546 0.836774 1.681112
1382412883.488407 99.488407 0.838503 1.680482
1382412883.988160 99.988160 0.836845 1.680992
1382412884.488357 100.488356 0.837857 1.681066
1382412884.988484 100.988484 0.836756 1.680117
1382412885.488442 101.488442 0.836674 1.680956
1382412885.988342 101.988342 0.836222 1.680949
1382412886.488412 102.488412 0.837364 1.683184
1382412886.993366 102.993366 0.837423 1.683115
1382412887.493385 103.493385 0.836789 1.681415
1382412887.988461 103.988462 0.837487 1.681853
1382412888.488414 104.488414 0.836963 1.680467
1382412888.988442 104.988442 0.837719 1.679827
1382412889.488585 105.488585 0.837193 1.681726
1382412889.988705 105.988706 0.836649 1.681540
1382412890.488683 106.488683 0.836355 1.682417
1382412890.988758 106.988757 0.837310 1.681469
1382412891.488889 107.488889 0.837287 1.681175
1382412891.988817 107.988817 0.835550 1.680824
1382412892.488527 108.488527 0.835719 1.680813
1382412892.988499 108.988499 0.837658 1.681859
1382412893.488471 109.488471 0.837267 1.681884
1382412893.993426 109.993426 0.837801 1.680609
1382412894.493798 110.493798 0.838164 1.681203
1382412894.993809 110.993810 0.838003 1.682470
1382412895.493471 111.493471 0.838506 1.682526
1382412895.988597 111.988598 0.839055 1.681494
1382412896.488643 112.488643 0.839295 1.682901
1382412896.988827 112.988827 0.838572 1.682218
1382412897.488847 113.488847 0.840006 1.682037
1382412897.988746 113.988746 0.839390 1.681685
1382412898.488741 114.488742 0.840320 1.681356
1382412898.988703 114.988704 0.840716 1.683054
1382412899.488689 115.488689 0.841978 1.683860
1382412899.990000 115.989999 0.840236 1.684066
1382412900.490031 116.490030 0.840841 1.683600
1382412900.988686 116.988686 0.839334 1.682325
1382412901.488633 117.488633 0.838682 1.683021
1382412901.988710 117.988710 0.839686 1.683324
1382412902.488783 118.488783 0.839497 1.680362
1382412902.988792 118.988792 0.839219 1.681180
1382412903.488948 119.488948 0.839686 1.680561
1382412903.989988 119.989988 0.840371 1.680783
1382412904.489868 120.489868 0.839914 1.683235
1382412904.988882 120.988882 0.840312 1.681316
1382412905.488817 121.488817 0.841089 1.682529
1382412905.988838 121.988838 0.840358 1.681938
1382412906.488844 122.488844 0.838291 1.682233
1382412906.993767 122.993767 0.839017 1.681925
1382412907.493838 123.493838 0.837257 1.681726
1382412907.998828 123.998828 0.837696 1.681746
1382412908.498903 124.498902 0.836741 1.681107
1382412908.989051 124.989051 0.836526 1.682195
1382412909.489115 125.489115 0.835678 1.681831
1382412909.989178 125.989178 0.835995 1.680477
1382412910.489084 126.489084 0.835494 1.680668
1382412910.989073 126.989073 0.835657 1.679809
1382412911.488994 127.488994 0.834802 1.682152
1382412911.989021 127.989020 0.834140 1.681764
1382412912.484068 128.484068 0.834500 1.682906
1382412912.978988 128.978989 0.834071 1.681963
1382412913.478982 129.478982 0.834365 1.682871
1382412913.979029 129.979030 0.834380 1.682261
1382412914.484158 130.484157 0.834549 1.682203
1382412914.989141 130.989141 0.835509 1.682389
1382412915.489042 131.489042 0.834150 1.682674
1382412915.989188 131.989188 0.833524 1.681361
1382412916.504174 132.504173 0.834904 1.682022
1382412917.004215 133.004216 0.833984 1.681861
1382412917.489237 133.489237 0.833580 1.683220
1382412917.984149 133.984150 0.832518 1.683136
1382412918.494499 134.494499 0.831182 1.681828
1382412918.999631 134.999631 0.830328 1.681346
1382412919.484370 135.484370 0.829963 1.682529
1382412919.979189 135.979189 0.829738 1.682697
1382412920.479202 136.479202 0.829710 1.681601
1382412920.979249 136.979249 0.828315 1.682073
1382412921.484221 137.484221 0.828374 1.681293
1382412921.989338 137.989338 0.827809 1.683064
1382412922.489612 138.489612 0.826540 1.682407
1382412922.989559 138.989560 0.826736 1.681619
1382412923.484411 139.484411 0.826458 1.682532
1382412923.979429 139.979429 0.827229 1.681777
1382412924.479352 140.479353 0.826913 1.681790
1382412924.979343 140.979343 0.826440 1.682070
1382412925.479361 141.479361 0.825689 1.682312
1382412925.979377 141.979377 0.826085 1.683740
1382412926.490020 142.490020 0.826328 1.683388
1382412926.990130 142.990130 0.630693 1.683360
1382412927.479498 143.479498 0.247656 1.682422
1382412927.984478 143.984477 0.183233 1.682170
1382412928.489538 144.489538 0.797806 1.681940
1382412928.999475 144.999476 1.660406 1.683281
1382412929.494422 145.494423 1.679552 1.683044
1382412929.984900 145.984900 1.678402 1.683556
1382412930.485006 146.485006 1.680962 1.683090
1382412930.979633 146.979633 1.679288 1.683855
1382412931.479595 147.479595 1.679465 1.683916
1382412931.994695 147.994695 1.680006 1.683304
1382412932.494752 148.494752 1.679023 1.682012
1382412932.979632 148.979632 1.681059 1.682713
1382412933.479611 149.479611 1.679227 1.682399
1382412934.004630 150.004630 1.678905 1.682394
1382412934.504754 150.504753 1.678430 1.684071
1382412934.984891 150.984891 1.678111 1.683824
1382412935.484864 151.484865 1.680221 1.683844