# Attenuator 4
# Biases: [2, 2.5, 3, 3.5, 4]
-5.0   -34.025E+00   -34.003E+00   -34.269E+00   -36.713E+00   -39.255E+00
-4.74038461538   -34.029E+00   -34.001E+00   -34.454E+00   -37.207E+00   -39.492E+00
-4.48076923077   -34.062E+00   -34.036E+00   -34.715E+00   -37.706E+00   -39.704E+00
-4.22115384615   -34.095E+00   -34.083E+00   -35.057E+00   -38.165E+00   -39.890E+00
-3.96153846154   -34.136E+00   -34.143E+00   -35.470E+00   -38.574E+00   -40.054E+00
-3.70192307692   -34.183E+00   -34.221E+00   -35.951E+00   -38.934E+00   -40.203E+00
-3.44230769231   -34.239E+00   -34.332E+00   -36.472E+00   -39.256E+00   -40.341E+00
-3.18269230769   -34.300E+00   -34.490E+00   -37.013E+00   -39.534E+00   -40.466E+00
-2.92307692308   -34.373E+00   -34.708E+00   -37.549E+00   -39.788E+00   -40.588E+00
-2.66346153846   -34.464E+00   -35.003E+00   -38.065E+00   -40.016E+00   -40.703E+00
-2.40384615385   -34.572E+00   -35.380E+00   -38.543E+00   -40.223E+00   -40.820E+00
-2.14423076923   -34.712E+00   -35.836E+00   -38.982E+00   -40.422E+00   -40.936E+00
-1.88461538462   -34.887E+00   -36.364E+00   -39.389E+00   -40.611E+00   -41.062E+00
-1.625   -35.117E+00   -36.950E+00   -39.767E+00   -40.804E+00   -41.195E+00
-1.36538461538   -35.420E+00   -37.576E+00   -40.134E+00   -41.010E+00   -41.338E+00
-1.10576923077   -35.823E+00   -38.238E+00   -40.501E+00   -41.227E+00   -41.505E+00
-0.846153846154   -36.351E+00   -38.952E+00   -40.893E+00   -41.483E+00   -41.705E+00
-0.586538461538   -37.004E+00   -39.729E+00   -41.338E+00   -41.787E+00   -41.949E+00
-0.326923076923   -37.744E+00   -40.618E+00   -41.878E+00   -42.174E+00   -42.261E+00
-0.0673076923077   -38.452E+00   -41.697E+00   -42.582E+00   -42.689E+00   -42.675E+00
0.192307692308   -38.983E+00   -43.063E+00   -43.563E+00   -43.424E+00   -43.262E+00
0.451923076923   -39.273E+00   -44.702E+00   -44.957E+00   -44.493E+00   -44.120E+00
0.711538461538   -39.403E+00   -46.299E+00   -46.848E+00   -46.061E+00   -45.398E+00
0.971153846154   -39.454E+00   -47.449E+00   -48.986E+00   -48.141E+00   -47.216E+00
1.23076923077   -39.485E+00   -48.017E+00   -50.694E+00   -50.315E+00   -49.429E+00
1.49038461538   -39.496E+00   -48.256E+00   -51.551E+00   -51.800E+00   -51.342E+00
1.75   -39.506E+00   -48.362E+00   -51.902E+00   -52.445E+00   -52.324E+00
