# Attenuator 2
# Biases: [2, 2.5, 3, 3.5, 4]
-5.0   -31.124E+00   -31.080E+00   -31.277E+00   -33.378E+00   -35.757E+00
-4.74038461538   -31.142E+00   -31.082E+00   -31.440E+00   -33.844E+00   -35.980E+00
-4.48076923077   -31.178E+00   -31.115E+00   -31.668E+00   -34.301E+00   -36.182E+00
-4.22115384615   -31.214E+00   -31.159E+00   -31.965E+00   -34.731E+00   -36.365E+00
-3.96153846154   -31.256E+00   -31.214E+00   -32.332E+00   -35.122E+00   -36.527E+00
-3.70192307692   -31.311E+00   -31.294E+00   -32.756E+00   -35.468E+00   -36.673E+00
-3.44230769231   -31.367E+00   -31.396E+00   -33.226E+00   -35.777E+00   -36.806E+00
-3.18269230769   -31.434E+00   -31.539E+00   -33.719E+00   -36.049E+00   -36.935E+00
-2.92307692308   -31.514E+00   -31.737E+00   -34.216E+00   -36.295E+00   -37.059E+00
-2.66346153846   -31.609E+00   -32.005E+00   -34.698E+00   -36.520E+00   -37.177E+00
-2.40384615385   -31.725E+00   -32.348E+00   -35.153E+00   -36.728E+00   -37.300E+00
-2.14423076923   -31.873E+00   -32.760E+00   -35.578E+00   -36.928E+00   -37.421E+00
-1.88461538462   -32.065E+00   -33.247E+00   -35.979E+00   -37.126E+00   -37.553E+00
-1.625   -32.307E+00   -33.789E+00   -36.354E+00   -37.331E+00   -37.692E+00
-1.36538461538   -32.630E+00   -34.390E+00   -36.729E+00   -37.543E+00   -37.849E+00
-1.10576923077   -33.055E+00   -35.043E+00   -37.111E+00   -37.783E+00   -38.031E+00
-0.846153846154   -33.603E+00   -35.745E+00   -37.519E+00   -38.058E+00   -38.249E+00
-0.586538461538   -34.285E+00   -36.534E+00   -37.994E+00   -38.391E+00   -38.517E+00
-0.326923076923   -35.045E+00   -37.451E+00   -38.576E+00   -38.815E+00   -38.862E+00
-0.0673076923077   -35.769E+00   -38.581E+00   -39.340E+00   -39.385E+00   -39.323E+00
0.192307692308   -36.301E+00   -39.989E+00   -40.388E+00   -40.183E+00   -39.960E+00
0.451923076923   -36.599E+00   -41.629E+00   -41.855E+00   -41.330E+00   -40.892E+00
0.711538461538   -36.727E+00   -43.231E+00   -43.790E+00   -42.976E+00   -42.256E+00
0.971153846154   -36.789E+00   -44.359E+00   -45.947E+00   -45.112E+00   -44.162E+00
1.23076923077   -36.815E+00   -44.917E+00   -47.612E+00   -47.283E+00   -46.432E+00
1.49038461538   -36.832E+00   -45.153E+00   -48.467E+00   -48.760E+00   -48.331E+00
1.75   -36.842E+00   -45.264E+00   -48.825E+00   -49.424E+00   -49.339E+00
