# Attenuator 3
# Biases: [2, 2.5, 3, 3.5, 4]
-5.0   -31.785E+00   -31.746E+00   -31.984E+00   -34.253E+00   -36.781E+00
-4.74038461538   -31.811E+00   -31.755E+00   -32.159E+00   -34.728E+00   -36.997E+00
-4.48076923077   -31.840E+00   -31.789E+00   -32.400E+00   -35.214E+00   -37.209E+00
-4.22115384615   -31.871E+00   -31.833E+00   -32.712E+00   -35.663E+00   -37.401E+00
-3.96153846154   -31.909E+00   -31.889E+00   -33.099E+00   -36.070E+00   -37.569E+00
-3.70192307692   -31.955E+00   -31.965E+00   -33.543E+00   -36.433E+00   -37.723E+00
-3.44230769231   -32.005E+00   -32.070E+00   -34.036E+00   -36.754E+00   -37.863E+00
-3.18269230769   -32.064E+00   -32.219E+00   -34.557E+00   -37.042E+00   -37.995E+00
-2.92307692308   -32.138E+00   -32.428E+00   -35.077E+00   -37.300E+00   -38.117E+00
-2.66346153846   -32.221E+00   -32.702E+00   -35.576E+00   -37.529E+00   -38.236E+00
-2.40384615385   -32.330E+00   -33.053E+00   -36.049E+00   -37.744E+00   -38.358E+00
-2.14423076923   -32.465E+00   -33.480E+00   -36.490E+00   -37.947E+00   -38.481E+00
-1.88461538462   -32.640E+00   -33.975E+00   -36.896E+00   -38.145E+00   -38.608E+00
-1.625   -32.869E+00   -34.530E+00   -37.284E+00   -38.346E+00   -38.743E+00
-1.36538461538   -33.175E+00   -35.140E+00   -37.656E+00   -38.554E+00   -38.896E+00
-1.10576923077   -33.583E+00   -35.794E+00   -38.038E+00   -38.787E+00   -39.068E+00
-0.846153846154   -34.113E+00   -36.495E+00   -38.440E+00   -39.047E+00   -39.272E+00
-0.586538461538   -34.782E+00   -37.274E+00   -38.898E+00   -39.363E+00   -39.523E+00
-0.326923076923   -35.548E+00   -38.181E+00   -39.462E+00   -39.767E+00   -39.845E+00
-0.0673076923077   -36.282E+00   -39.291E+00   -40.200E+00   -40.312E+00   -40.280E+00
0.192307692308   -36.831E+00   -40.687E+00   -41.215E+00   -41.078E+00   -40.894E+00
0.451923076923   -37.134E+00   -42.317E+00   -42.661E+00   -42.192E+00   -41.796E+00
0.711538461538   -37.270E+00   -43.922E+00   -44.594E+00   -43.816E+00   -43.125E+00
0.971153846154   -37.328E+00   -45.055E+00   -46.746E+00   -45.965E+00   -45.025E+00
1.23076923077   -37.358E+00   -45.610E+00   -48.448E+00   -48.172E+00   -47.305E+00
1.49038461538   -37.375E+00   -45.846E+00   -49.318E+00   -49.691E+00   -49.268E+00
1.75   -37.383E+00   -45.958E+00   -49.684E+00   -50.355E+00   -50.323E+00
