# Attenuator 1
# Biases: [2, 2.5, 3, 3.5, 4]
-5.0   -69.228E+00   -68.986E+00   -68.966E+00   -67.036E+00   -69.540E+00
-4.75   -68.897E+00   -69.020E+00   -67.533E+00   -69.147E+00   -69.200E+00
-4.5   -68.710E+00   -68.773E+00   -68.773E+00   -68.980E+00   -69.582E+00
-4.25   -68.868E+00   -69.221E+00   -68.181E+00   -69.245E+00   -69.314E+00
-4.0   -69.034E+00   -69.224E+00   -69.566E+00   -69.323E+00   -69.092E+00
-3.75   -68.896E+00   -69.218E+00   -69.180E+00   -69.088E+00   -69.368E+00
-3.5   -68.803E+00   -68.773E+00   -69.201E+00   -69.135E+00   -69.165E+00
-3.25   -69.394E+00   -68.929E+00   -68.297E+00   -68.803E+00   -68.905E+00
-3.0   -68.906E+00   -68.495E+00   -67.242E+00   -69.174E+00   -69.266E+00
-2.75   -69.711E+00   -68.858E+00   -69.243E+00   -68.881E+00   -69.000E+00
-2.5   -69.365E+00   -68.112E+00   -69.040E+00   -68.904E+00   -69.526E+00
-2.25   -69.161E+00   -68.589E+00   -68.946E+00   -68.163E+00   -69.564E+00
-2.0   -68.676E+00   -69.048E+00   -69.191E+00   -67.035E+00   -69.815E+00
-1.75   -68.986E+00   -69.462E+00   -69.486E+00   -69.081E+00   -69.107E+00
-1.5   -69.004E+00   -69.282E+00   -69.130E+00   -68.749E+00   -69.061E+00
-1.25   -68.404E+00   -69.211E+00   -69.287E+00   -68.182E+00   -69.143E+00
-1.0   -68.817E+00   -69.193E+00   -69.470E+00   -64.611E+00   -69.121E+00
-0.75   -69.413E+00   -69.153E+00   -69.313E+00   -68.477E+00   -69.166E+00
-0.5   -69.119E+00   -68.899E+00   -69.356E+00   -67.232E+00   -69.310E+00
-0.25   -68.949E+00   -69.289E+00   -68.225E+00   -67.868E+00   -69.314E+00
0.0   -68.942E+00   -69.146E+00   -69.400E+00   -68.541E+00   -69.035E+00
0.25   -69.065E+00   -69.306E+00   -69.237E+00   -69.459E+00   -69.095E+00
0.5   -68.759E+00   -69.140E+00   -68.715E+00   -69.316E+00   -69.137E+00
0.75   -69.258E+00   -69.429E+00   -69.220E+00   -69.368E+00   -69.186E+00
1.0   -69.152E+00   -69.627E+00   -69.069E+00   -68.885E+00   -69.616E+00
1.25   -69.255E+00   -68.929E+00   -68.586E+00   -69.372E+00   -69.241E+00
1.5   -69.250E+00   -69.122E+00   -68.994E+00   -69.343E+00   -69.486E+00
1.75   -69.208E+00   -69.503E+00   -68.249E+00   -69.088E+00   -69.779E+00
